2.863991
1.185368
1.005643
0.925715
0.877628
0.838321
0.821156
0.795080
0.777378
0.754560
0.741479
0.729809
0.716582
0.695287
0.689648
0.678845
0.666078
0.654918
0.648591
0.638625
0.624137
0.621661
0.609782
0.602112
0.593291
0.584751
0.573999
0.565923
0.564122
0.554443
0.546771
0.537451
0.537184
0.525034
0.517189
0.518730
0.512175
0.502777
0.494275
0.492877
0.490004
0.480590
0.481122
0.473492
0.468179
0.463977
0.459096
0.452743
0.452199
0.444273
0.447554
0.446083
0.435639
0.434720
0.427012
0.428817
0.423717
0.420191
0.418033
0.417342
0.412408
0.415060
0.409030
0.407148
0.403673
0.397728
0.393734
0.395610
0.391031
0.389508
0.388175
0.386076
0.384172
0.381453
0.379833
0.379267
0.378095
0.376974
0.374928
0.373729
0.365745
0.369740
0.364319
0.364690
0.364079
0.364962
0.362877
0.362220
0.358604
0.360621
0.364304
0.361787
0.358777
0.352489
0.359871
0.353334
0.354855
0.348372
0.351957
0.350067
