2656__1__896___0 0.116421669722 346.9 834.2 346.9 855.0 325.6 855.0 325.6 834.2
2654__1__896___56 0.115445546806 352.3 784.4 340.4 796.7 329.0 786.5 340.9 774.1
2645__1__0___0 0.179889380932 167.0 615.6 167.0 633.5 120.2 633.5 120.2 615.6
395__1__0___0 0.137917786837 549.2 317.8 549.2 335.6 509.8 335.6 509.8 317.8
2663__1__896___0 0.132557272911 328.5 847.5 328.5 867.8 312.2 867.8 312.2 847.5
2637__1__0___56 0.702246010303 192.2 561.4 192.2 577.6 164.6 577.6 164.6 561.4
2644__1__0___0 0.250366419554 171.1 615.5 171.1 634.4 127.6 634.4 127.6 615.5
2645__1__896___0 0.390493363142 377.6 835.4 355.1 838.3 353.4 817.8 375.8 814.9
396__1__0___0 0.203529804945 549.8 317.3 549.8 336.0 509.3 336.0 509.3 317.3
473__1__0___0 0.163834169507 439.6 378.4 439.6 392.9 402.0 392.9 402.0 378.4
2638__1__896___56 0.374823510647 396.8 752.9 396.8 772.3 369.9 772.3 369.9 752.9
2664__1__896___56 0.142827838659 326.0 793.9 326.0 814.5 309.2 814.5 309.2 793.9
2658__1__896___56 0.117750026286 340.0 781.7 340.0 802.7 321.4 802.7 321.4 781.7
2685__1__896___56 0.640903592110 287.3 834.9 287.3 858.1 274.4 858.1 274.4 834.9
2639__1__896___56 0.542873501778 393.5 753.6 393.5 773.2 368.7 773.2 368.7 753.6
2644__1__0___56 0.256282299757 170.2 559.4 170.2 578.3 127.8 578.3 127.8 559.4
2635__1__0___56 0.480037927628 198.0 560.7 198.0 576.8 174.3 576.8 174.3 560.7
2641__1__0___0 0.215880125761 185.2 615.9 185.2 634.6 140.0 634.6 140.0 615.9
2638__1__896___0 0.495195627213 396.6 808.3 396.6 828.1 374.0 828.1 374.0 808.3
458__1__0___0 0.130149871111 384.6 371.3 384.6 386.6 350.0 386.6 350.0 371.3
394__1__0___56 0.133021980524 546.1 262.6 546.1 280.0 509.3 280.0 509.3 262.6
2651__1__896___56 0.194643765688 362.6 781.3 346.0 791.5 336.1 777.7 352.8 767.6
474__1__0___56 0.126811817288 442.9 322.7 442.9 338.0 403.4 338.0 403.4 322.7
2686__1__896___0 0.379619687796 285.8 892.2 285.8 917.9 272.1 917.9 272.1 892.2
