4899__1__896___0 0.440622687340 518.1 758.8 495.9 762.3 494.7 750.4 517.0 746.9
4899__1__896___0 0.102789297700 158.4 385.1 136.2 394.0 129.1 380.3 151.2 371.5
2412__1__0___0 0.112461261451 626.2 176.8 626.2 196.5 606.6 196.5 606.6 176.8
2401__1__0___56 0.131913453341 632.5 119.7 632.5 140.0 613.4 140.0 613.4 119.7
5315__1__896___0 0.177243083715 545.5 533.1 545.5 546.2 523.4 546.2 523.4 533.1
4524__1__896___56 0.334032952785 572.5 396.0 564.3 406.4 550.8 401.0 559.1 390.6
4524__1__896___56 0.200403049588 342.2 290.3 342.2 318.4 322.3 318.4 322.3 290.3
198__1__0___56 0.111570768058 134.5 239.6 133.4 255.8 92.5 250.6 93.6 234.3
4410__1__896___0 0.190210789442 675.2 452.0 675.2 467.0 653.9 467.0 653.9 452.0
6243__1__0___56 0.531997859478 670.3 38.0 670.3 61.1 655.8 61.1 655.8 38.0
6243__1__0___56 0.125598892570 656.6 75.5 630.0 83.3 627.0 68.2 653.6 60.4
2656__1__896___0 0.604090213776 346.9 834.2 346.9 855.0 325.6 855.0 325.6 834.2
6071__1__0___56 0.147400945425 574.6 754.8 571.6 764.7 547.4 759.5 550.4 749.6
5277__1__896___0 0.169726669788 553.7 559.7 553.7 580.9 531.3 580.9 531.3 559.7
5274__1__896___0 0.442526191473 554.0 569.2 554.0 581.2 533.0 581.2 533.0 569.2
5332__1__896___0 0.544403016567 542.6 526.0 522.9 532.8 518.8 522.8 538.4 516.0
5249__1__896___0 0.127282485366 558.4 589.3 558.4 606.4 529.5 606.4 529.5 589.3
4464__1__896___0 0.473781675100 626.0 452.6 620.1 463.3 603.8 458.5 609.7 447.8
328__1__0___0 0.213167920709 378.4 313.3 378.4 331.1 342.1 331.1 342.1 313.3
721__1__0___56 0.661265254021 134.3 585.1 134.3 601.2 104.8 601.2 104.8 585.1
2393__1__0___0 0.155204355717 637.0 174.2 637.0 196.2 620.4 196.2 620.4 174.2
4772__1__896___56 0.493759632111 119.8 265.1 96.9 276.2 89.7 262.0 112.5 251.0
6192__1__896___56 0.112904801965 111.9 312.9 97.6 323.9 85.4 304.9 99.8 293.9
4460__1__896___0 0.639755785465 630.4 452.8 624.3 464.8 605.1 459.8 611.2 447.7
6240__1__0___56 0.483684062958 673.4 40.6 673.4 61.4 656.8 61.4 656.8 40.6
6240__1__0___56 0.321492791176 652.3 80.3 621.0 85.1 619.6 71.5 650.8 66.7
4519__1__896___0 0.293621093035 341.1 346.6 341.1 374.9 322.4 374.9 322.4 346.6
4408__1__896___0 0.166325613856 676.7 452.4 676.7 466.7 654.4 466.7 654.4 452.4
2387__1__0___0 0.181489706039 639.2 174.2 639.2 195.5 621.1 195.5 621.1 174.2
4461__1__896___0 0.686035215855 629.9 452.3 625.8 465.1 603.1 460.0 607.2 447.2
4518__1__896___56 0.241170316935 341.1 291.1 341.1 319.2 322.6 319.2 322.6 291.1
5251__1__896___0 0.155108615756 557.9 589.4 557.9 605.0 530.0 605.0 530.0 589.4
5143__1__896___56 0.306958347559 603.8 609.0 603.8 622.1 580.3 622.1 580.3 609.0
5143__1__896___56 0.171641632915 400.0 539.3 400.0 553.0 376.0 553.0 376.0 539.3
5310__1__896___56 0.107041120529 547.9 478.6 547.9 496.1 524.1 496.1 524.1 478.6
5333__1__896___56 0.295083075762 543.9 467.7 526.5 474.8 519.9 466.0 537.4 458.9
4405__1__896___56 0.471586614847 679.3 396.9 679.3 412.2 656.3 412.2 656.3 396.9
4889__1__896___56 0.160865306854 520.9 696.0 520.9 712.3 499.7 712.3 499.7 696.0
2881__1__0___56 0.158038020134 19.5 507.6 19.5 521.9 -1.5 521.9 -1.5 507.6
4513__1__896___0 0.672805845737 72.1 457.2 51.4 464.5 44.2 454.4 65.0 447.1
4513__1__896___0 0.282315641642 340.4 351.7 340.4 381.1 322.5 381.1 322.5 351.7
570__1__896___0 0.174547776580 251.5 309.1 244.0 323.9 227.9 317.7 235.4 302.9
1917__1__896___0 0.527573287487 48.0 201.6 37.6 209.9 31.1 195.9 41.5 187.7
2397__1__0___0 0.147010773420 636.1 189.3 619.4 195.3 613.1 181.3 629.8 175.4
4676__1__896___0 0.201903626323 436.7 437.8 433.8 449.2 408.6 445.0 411.6 433.6
2654__1__896___56 0.639010488987 352.3 784.4 340.4 796.7 329.0 786.5 340.9 774.1
4771__1__896___56 0.490921318531 119.3 264.9 97.3 275.4 90.2 261.5 112.2 250.9
2384__1__0___56 0.125831693411 640.2 119.4 640.2 140.9 620.8 140.9 620.8 119.4
4401__1__896___0 0.638967871666 682.7 453.4 682.7 467.3 660.7 467.3 660.7 453.4
581__1__896___56 0.302946686745 250.9 261.8 241.3 274.9 230.2 266.2 239.8 253.0
4400__1__896___56 0.436439752579 683.9 396.6 683.9 410.7 660.9 410.7 660.9 396.6
4371__1__896___56 0.826148748398 710.3 401.3 710.3 415.0 686.0 415.0 686.0 401.3
4465__1__896___0 0.470971971750 626.4 448.0 626.4 464.2 604.6 464.2 604.6 448.0
4390__1__896___56 0.570759296417 692.6 401.1 689.9 413.0 668.7 410.2 671.4 398.2
4424__1__896___56 0.201681032777 662.7 393.3 662.7 409.5 639.9 409.5 639.9 393.3
4496__1__896___56 0.533042371273 597.5 391.7 597.5 405.4 571.9 405.4 571.9 391.7
1922__1__896___0 0.606942832470 47.1 186.3 47.1 208.9 28.3 208.9 28.3 186.3
1911__1__896___56 0.404379546642 51.5 139.7 43.0 154.7 34.6 148.5 43.1 133.5
5144__1__896___56 0.168617561460 399.8 538.4 399.8 552.4 374.5 552.4 374.5 538.4
5144__1__896___56 0.137505203485 602.7 608.6 602.7 621.6 580.4 621.6 580.4 608.6
560__1__896___56 0.145297840238 250.0 243.2 250.0 262.1 227.4 262.1 227.4 243.2
4344__1__896___56 0.235771164298 735.6 417.6 709.5 421.9 707.8 408.7 733.9 404.4
5145__1__896___56 0.176339372993 399.0 538.3 399.0 552.2 374.2 552.2 374.2 538.3
5145__1__896___56 0.137489587069 601.8 607.8 601.8 621.0 580.3 621.0 580.3 607.8
5306__1__896___0 0.111919090152 548.8 535.5 548.8 552.6 525.9 552.6 525.9 535.5
5254__1__896___56 0.309308081865 557.6 536.9 542.7 546.2 530.8 540.0 545.6 530.7
5254__1__896___56 0.175625011325 318.6 527.3 301.4 531.6 297.5 518.7 314.8 514.4
4506__1__896___0 0.254437446594 588.0 446.5 588.0 463.0 568.0 463.0 568.0 446.5
2397__1__0___56 0.117839053273 635.0 120.5 635.0 139.1 614.3 139.1 614.3 120.5
5136__1__896___0 0.213325932622 607.1 668.1 607.1 681.0 582.9 681.0 582.9 668.1
4900__1__896___56 0.485951989889 518.5 701.0 499.8 704.9 496.8 693.3 515.5 689.5
4900__1__896___56 0.154199153185 158.2 330.7 135.8 337.9 130.3 324.7 152.7 317.5
4523__1__896___56 0.325234979391 574.5 394.8 568.1 406.5 552.7 401.7 559.1 390.0
4523__1__896___56 0.232564374804 341.3 290.6 341.3 319.1 322.8 319.1 322.8 290.6
556__1__896___0 0.166231736541 250.2 297.0 250.2 316.0 227.6 316.0 227.6 297.0
2673__1__896___56 0.114179141819 310.0 809.7 310.0 831.8 291.6 831.8 291.6 809.7
5269__1__896___56 0.693628132343 553.1 517.3 553.1 532.0 531.0 532.0 531.0 517.3
395__1__0___0 0.121098928154 487.0 340.3 487.0 356.1 452.4 356.1 452.4 340.3
2404__1__0___0 0.115807488561 631.0 175.8 631.0 195.5 613.1 195.5 613.1 175.8
6235__1__0___0 0.456135988235 652.5 134.8 630.8 141.5 624.2 128.9 645.9 122.3
6235__1__0___0 0.345233798027 675.2 99.8 675.2 119.2 657.4 119.2 657.4 99.8
565__1__896___56 0.148710265756 249.6 252.3 244.1 267.6 227.5 261.8 233.0 246.5
2704__1__896___0 0.105616040528 281.9 877.9 281.9 904.5 263.2 904.5 263.2 877.9
4504__1__896___56 0.129739835858 589.7 391.0 589.7 407.7 568.8 407.7 568.8 391.0
4502__1__896___56 0.309276193380 592.0 391.9 592.0 405.8 572.1 405.8 572.1 391.9
2663__1__896___0 0.712345421314 328.5 847.5 328.5 867.8 312.2 867.8 312.2 847.5
403__1__0___0 0.213557571173 314.8 663.8 314.8 680.0 283.7 680.0 283.7 663.8
2376__1__0___56 0.103466086090 646.5 120.4 646.5 139.6 625.7 139.6 625.7 120.4
4382__1__896___0 0.243911385536 701.8 458.4 697.2 470.6 681.1 465.2 685.7 452.9
4514__1__896___0 0.270536154509 340.3 351.3 340.3 380.2 322.3 380.2 322.3 351.3
4514__1__896___0 0.168677344918 77.3 459.9 50.1 464.3 46.5 452.4 73.7 447.9
4680__1__896___0 0.116924226284 433.4 437.8 431.6 448.8 406.3 444.3 408.0 433.2
4385__1__896___0 0.751372218132 697.0 457.3 693.6 470.2 673.1 466.1 676.5 453.2
5317__1__896___0 0.464079290628 547.1 529.4 547.1 543.3 526.6 543.3 526.6 529.4
5320__1__896___56 0.187451019883 546.2 468.7 546.2 484.8 524.0 484.8 524.0 468.7
5330__1__896___56 0.439525127411 542.3 472.0 524.3 479.2 519.2 468.7 537.3 461.5
6234__1__0___56 0.242117151618 652.8 80.9 627.8 85.0 624.3 72.1 649.3 68.0
4333__1__896___0 0.191983625293 744.5 473.0 724.8 479.0 720.1 468.0 739.8 462.0
4353__1__896___0 0.104194208980 729.6 473.2 707.5 476.6 705.4 463.5 727.4 460.1
2793__1__896___56 0.102439276874 210.1 251.6 202.3 263.5 186.3 255.0 194.1 243.1
4510__1__896___0 0.848054230213 57.2 457.2 37.6 463.6 31.6 453.7 51.2 447.2
4510__1__896___0 0.131525382400 340.9 350.9 340.9 382.1 322.2 382.1 322.2 350.9
2645__1__896___0 0.153729110956 377.6 835.4 355.1 838.3 353.4 817.8 375.8 814.9
396__1__0___0 0.123856186867 490.7 340.0 490.7 356.0 455.4 356.0 455.4 340.0
2467__1__896___0 0.100043095648 198.5 333.3 198.5 358.8 173.4 358.8 173.4 333.3
2381__1__0___56 0.124400705099 643.1 120.2 643.1 140.3 618.8 140.3 618.8 120.2
4764__1__896___56 0.266719311476 117.6 260.8 96.8 275.5 86.6 261.8 107.4 247.1
4330__1__896___56 0.260373204947 745.1 417.7 724.7 422.6 720.6 411.5 741.0 406.7
4557__1__896___56 0.143918320537 545.6 393.9 539.8 408.6 523.9 404.2 529.7 389.4
2471__1__896___0 0.123132020235 199.1 337.1 195.2 359.3 173.9 354.9 177.8 332.7
2399__1__0___56 0.159484341741 633.8 120.0 633.8 140.3 613.1 140.3 613.1 120.0
574__1__896___56 0.206434234977 251.6 255.0 245.4 270.4 229.0 263.8 235.3 248.4
4498__1__896___56 0.500353693962 596.5 391.5 596.5 405.7 571.5 405.7 571.5 391.5
572__1__896___56 0.199058473110 251.0 253.7 245.1 268.9 228.6 262.7 234.5 247.5
4500__1__896___0 0.513171970844 594.3 448.2 594.3 460.5 571.7 460.5 571.7 448.2
5181__1__896___0 0.104465231299 374.5 590.9 362.4 598.5 349.5 592.1 361.6 584.5
5271__1__896___56 0.708324968815 553.1 516.4 553.1 529.0 531.3 529.0 531.3 516.4
553__1__896___0 0.160133302212 250.1 294.9 250.1 315.3 227.0 315.3 227.0 294.9
483__1__0___56 0.147724553943 23.4 552.6 23.4 570.0 -0.2 570.0 -0.2 552.6
483__1__0___56 0.125599056482 819.3 946.9 819.3 974.9 798.6 974.9 798.6 946.9
4770__1__896___56 0.508502244949 119.3 265.0 96.2 275.7 89.5 261.2 112.7 250.5
2380__1__0___0 0.134145200253 645.2 174.5 645.2 196.1 626.9 196.1 626.9 174.5
1909__1__896___56 0.426567286253 49.8 143.6 39.7 155.8 34.3 145.7 44.4 133.5
5273__1__896___56 0.437278777361 554.2 514.0 554.2 525.9 531.1 525.9 531.1 514.0
726__1__0___56 0.219673752785 118.0 581.1 118.0 597.5 85.6 597.5 85.6 581.1
4428__1__896___56 0.287213593721 658.0 393.9 658.0 409.4 633.9 409.4 633.9 393.9
2395__1__0___56 0.129836484790 636.8 118.9 636.8 141.6 619.4 141.6 619.4 118.9
5619__1__896___0 0.136153563857 357.1 415.4 350.4 426.1 336.1 415.1 342.9 404.4
5332__1__896___56 0.495297849178 543.0 470.6 522.5 476.0 520.2 465.3 540.7 459.8
590__1__896___0 0.135686546564 254.7 318.8 244.8 331.2 230.9 321.5 240.7 309.1
2666__1__896___56 0.473198622465 323.2 796.7 323.2 818.6 305.8 818.6 305.8 796.7
2381__1__0___0 0.121793821454 643.9 174.7 643.9 196.5 620.7 196.5 620.7 174.7
5329__1__896___56 0.446053832769 542.3 471.6 526.3 479.8 520.5 469.6 536.6 461.5
473__1__0___0 0.375720977783 61.8 613.7 61.8 631.2 29.3 631.2 29.3 613.7
4333__1__896___56 0.310779184103 743.6 417.5 724.2 422.2 720.1 411.4 739.5 406.7
5269__1__896___0 0.704083859921 552.8 573.0 552.8 588.1 531.9 588.1 531.9 573.0
5269__1__896___0 0.101118132472 308.5 579.8 286.7 587.0 280.7 574.0 302.5 566.8
4449__1__896___0 0.323407024145 639.0 451.4 639.0 466.5 612.8 466.5 612.8 451.4
2638__1__896___56 0.112676396966 396.8 752.9 396.8 772.3 369.9 772.3 369.9 752.9
5184__1__896___0 0.110516488552 370.7 588.0 364.4 598.6 350.6 593.5 356.9 582.9
4402__1__896___56 0.455870658159 682.1 396.7 682.1 411.6 658.1 411.6 658.1 396.7
4463__1__896___56 0.645576298237 628.9 396.9 626.2 408.5 603.6 403.7 606.3 392.1
4404__1__896___56 0.436466842890 679.8 397.1 679.8 412.1 657.1 412.1 657.1 397.1
2786__1__896___56 0.101846896112 209.8 252.5 201.1 263.4 186.7 253.8 195.4 242.8
4443__1__896___56 0.149437621236 645.3 394.4 645.3 409.2 625.5 409.2 625.5 394.4
4332__1__896___56 0.309540241957 743.8 418.6 723.0 422.9 719.7 411.2 740.6 407.0
1916__1__896___0 0.630676209927 47.8 199.4 38.6 209.5 30.9 197.4 40.1 187.4
2377__1__0___56 0.134487584233 645.4 120.6 645.4 139.6 625.6 139.6 625.6 120.6
4340__1__896___56 0.512012660503 736.3 416.6 712.5 420.5 710.6 408.3 734.4 404.4
4897__1__896___0 0.200946480036 519.0 759.5 499.3 762.4 497.7 750.6 517.4 747.7
2664__1__896___56 0.558197081089 326.0 793.9 326.0 814.5 309.2 814.5 309.2 793.9
4523__1__896___0 0.388485372066 573.8 451.0 568.4 462.8 552.8 458.1 558.2 446.3
4523__1__896___0 0.285421550274 341.5 345.9 341.5 373.8 322.3 373.8 322.3 345.9
459__1__0___0 0.673136651516 111.5 622.5 111.5 638.9 82.0 638.9 82.0 622.5
4328__1__896___56 0.202667519450 749.1 418.8 729.1 424.3 725.3 413.5 745.2 407.9
5268__1__896___0 0.602916240692 552.8 574.3 552.8 588.4 531.3 588.4 531.3 574.3
5312__1__896___0 0.129292801023 547.1 534.1 547.1 549.4 523.6 549.4 523.6 534.1
602__1__896___56 0.145952671766 257.9 274.3 248.7 284.4 236.0 272.1 245.3 262.0
2389__1__0___56 0.116760283709 639.2 116.0 639.2 137.8 620.7 137.8 620.7 116.0
580__1__896___0 0.303997725248 251.0 317.8 241.3 329.9 229.9 320.3 239.6 308.2
4338__1__896___0 0.570267617702 738.4 472.4 715.0 478.0 711.9 465.9 735.2 460.3
2658__1__896___56 0.527849972248 340.0 781.7 340.0 802.7 321.4 802.7 321.4 781.7
4336__1__896___56 0.454183816910 740.3 416.8 720.7 421.6 717.5 410.1 737.1 405.3
5302__1__896___56 0.566686093807 548.4 486.6 548.4 500.5 526.2 500.5 526.2 486.6
562__1__896___56 0.147030875087 249.7 244.0 249.7 263.3 226.8 263.3 226.8 244.0
4366__1__896___0 0.145175233483 716.5 462.3 702.8 472.8 693.8 465.9 707.6 455.3
2685__1__896___56 0.169670477509 287.3 834.9 287.3 858.1 274.4 858.1 274.4 834.9
4561__1__896___0 0.277043640614 541.8 449.7 537.1 463.1 518.6 458.2 523.3 444.8
5616__1__896___56 0.108630500734 357.0 355.9 352.2 370.3 338.8 363.0 343.6 348.7
2639__1__896___56 0.218098580837 393.5 753.6 393.5 773.2 368.7 773.2 368.7 753.6
4351__1__896___56 0.173746690154 729.3 415.3 709.5 420.2 705.9 408.9 725.7 404.0
4766__1__896___56 0.525918602943 117.8 260.7 97.2 275.4 87.9 262.3 108.5 247.6
2770__1__896___0 0.106822408736 237.2 932.1 237.2 965.6 217.0 965.6 217.0 932.1
4366__1__896___56 0.316451102495 716.0 407.2 703.8 416.8 694.4 410.2 706.6 400.7
5272__1__896___0 0.700208663940 554.0 570.5 554.0 584.2 532.9 584.2 532.9 570.5
2937__1__0___56 0.143100917339 21.7 533.8 21.7 552.0 0.0 552.0 0.0 533.8
4560__1__896___56 0.198969930410 542.5 394.4 537.1 408.0 518.1 403.4 523.6 389.8
576__1__896___0 0.213757485151 252.8 311.6 245.4 325.9 229.9 318.3 237.3 304.0
4328__1__896___0 0.192279651761 747.9 475.1 728.8 480.0 724.7 469.5 743.9 464.7
727__1__0___56 0.337257087231 114.7 580.8 114.7 596.8 82.3 596.8 82.3 580.8
3676__1__0___0 0.120911933482 847.0 202.2 847.0 233.5 831.7 233.5 831.7 202.2
4777__1__896___56 0.363349705935 121.0 265.2 98.7 276.6 91.2 262.2 113.5 250.8
4459__1__896___56 0.528627991676 630.0 397.3 624.9 409.0 605.9 403.7 611.0 392.0
4416__1__896___0 0.371333360672 669.8 452.3 669.8 467.5 647.1 467.5 647.1 452.3
569__1__896___56 0.184478670359 250.8 252.8 244.1 268.2 227.4 262.0 234.1 246.6
4373__1__896___56 0.783875823021 708.8 400.4 708.8 414.6 684.4 414.6 684.4 400.4
4388__1__896___56 0.613631963730 695.0 401.5 692.7 413.4 670.2 409.4 672.5 397.5
6480__1__0___56 0.109123714268 700.9 24.7 700.9 48.0 680.1 48.0 680.1 24.7
5133__1__896___56 0.298263728619 607.3 614.2 607.3 626.9 582.6 626.9 582.6 614.2
5133__1__896___56 0.130573213100 408.1 541.2 408.1 558.1 384.7 558.1 384.7 541.2
4387__1__896___0 0.747120499611 694.8 456.9 689.8 470.1 672.0 465.5 677.1 452.4
575__1__896___0 0.233170524240 252.2 311.4 244.3 326.1 229.4 318.8 237.3 304.0
5271__1__896___0 0.717710316181 553.6 572.2 553.6 585.6 530.6 585.6 530.6 572.2
5271__1__896___0 0.108550272882 306.3 580.0 285.5 586.2 280.3 574.3 301.1 568.0
5302__1__896___0 0.660709559917 548.3 543.2 548.3 557.0 526.7 557.0 526.7 543.2
4764__1__896___0 0.457441985607 117.9 318.3 95.6 330.2 88.3 316.1 110.5 304.2
5257__1__896___56 0.221031755209 557.5 535.4 539.3 542.5 532.1 534.9 550.3 527.8
5257__1__896___56 0.168172985315 317.1 528.8 301.0 531.7 297.8 516.7 313.9 513.8
4893__1__896___56 0.124812752008 520.7 693.3 520.7 710.8 498.3 710.8 498.3 693.3
5249__1__896___56 0.114618100226 557.8 533.7 557.8 551.3 530.1 551.3 530.1 533.7
4507__1__896___56 0.131822288036 587.9 390.9 587.9 407.4 568.3 407.4 568.3 390.9
4445__1__896___0 0.535424828529 643.0 451.0 643.0 466.3 618.6 466.3 618.6 451.0
5296__1__896___56 0.150732159615 548.2 491.2 548.2 509.1 526.5 509.1 526.5 491.2
5280__1__896___0 0.139752566814 553.9 559.4 553.9 578.9 530.7 578.9 530.7 559.4
5262__1__896___0 0.108903877437 556.3 574.7 556.3 594.5 529.6 594.5 529.6 574.7
4886__1__896___56 0.133084252477 522.4 700.6 522.4 715.5 499.6 715.5 499.6 700.6
2634__1__896___0 0.217900142074 409.3 805.3 409.3 822.1 381.1 822.1 381.1 805.3
4347__1__896___56 0.180782422423 733.2 417.6 705.4 421.7 704.0 408.1 731.8 404.0
559__1__896___0 0.173035532236 250.4 298.0 250.4 316.9 227.7 316.9 227.7 298.0
580__1__896___56 0.252512603998 252.2 258.4 244.5 271.9 231.3 264.0 239.0 250.5
4331__1__896___0 0.161992266774 745.2 473.9 723.9 479.0 719.6 467.3 741.0 462.1
572__1__896___0 0.201525643468 251.3 310.4 244.8 325.1 228.1 318.4 234.6 303.6
2638__1__896___0 0.138971924782 396.6 808.3 396.6 828.1 374.0 828.1 374.0 808.3
716__1__0___56 0.557197690010 153.1 589.4 153.1 605.8 121.9 605.8 121.9 589.4
557__1__896___0 0.153495609760 250.6 297.0 250.6 315.8 227.6 315.8 227.6 297.0
2666__1__896___0 0.641244530678 323.5 853.0 323.5 874.5 307.6 874.5 307.6 853.0
2634__1__896___56 0.228983998299 408.5 749.7 408.5 766.3 381.7 766.3 381.7 749.7
6246__1__0___0 0.158500909805 671.0 91.7 671.0 113.7 655.4 113.7 655.4 91.7
4418__1__896___0 0.304835915565 667.8 452.5 667.8 468.2 646.4 468.2 646.4 452.5
4556__1__896___56 0.238242581487 544.5 394.5 539.0 408.6 523.5 404.1 529.0 390.0
4897__1__896___56 0.193462997675 519.2 706.1 499.1 707.9 497.3 692.4 517.5 690.6
4506__1__896___56 0.150636956096 588.8 390.9 588.8 407.3 568.4 407.3 568.4 390.9
605__1__896___0 0.115015983582 259.2 333.1 249.8 343.6 236.1 331.1 245.5 320.6
5137__1__896___56 0.170066982508 605.7 610.6 605.7 625.2 582.8 625.2 582.8 610.6
6235__1__0___56 0.590726435184 653.8 79.1 629.8 85.1 624.5 71.9 648.5 65.9
6235__1__0___56 0.115873582661 674.7 44.9 674.7 64.5 658.1 64.5 658.1 44.9
4770__1__896___0 0.601658344269 119.8 321.2 95.4 331.6 89.2 316.7 113.6 306.2
458__1__0___0 0.697812855244 114.7 622.9 114.7 639.6 84.4 639.6 84.4 622.9
5314__1__896___56 0.146770209074 546.7 476.5 546.7 489.7 523.5 489.7 523.5 476.5
475__1__0___0 0.776759088039 52.5 612.6 52.5 631.2 24.0 631.2 24.0 612.6
4899__1__896___56 0.484959721565 518.6 702.4 499.5 705.9 496.4 693.9 515.5 690.4
4899__1__896___56 0.124805249274 157.8 329.2 136.8 337.7 129.8 325.4 150.7 316.9
5182__1__896___0 0.109556205571 372.7 589.2 365.0 597.5 349.8 592.8 357.5 584.5
1921__1__896___56 0.325176864862 47.0 131.2 47.0 154.3 28.8 154.3 28.8 131.2
4494__1__896___0 0.560844898224 599.2 448.7 599.2 461.7 575.0 461.7 575.0 448.7
4894__1__896___0 0.133702293038 520.9 748.2 520.9 765.6 499.2 765.6 499.2 748.2
5265__1__896___56 0.111801207066 553.7 518.7 553.7 536.4 532.5 536.4 532.5 518.7
457__1__0___56 0.833581626415 117.1 567.4 117.1 584.4 90.3 584.4 90.3 567.4
5265__1__896___0 0.137904897332 554.3 574.8 554.3 591.9 532.6 591.9 532.6 574.8
4550__1__896___56 0.150697007775 551.9 394.7 545.4 407.5 530.2 402.1 536.8 389.3
1911__1__896___0 0.284046530724 51.0 201.2 39.8 209.3 35.5 196.5 46.8 188.4
577__1__896___0 0.204363375902 252.1 312.0 244.7 325.9 229.9 318.4 237.3 304.5
567__1__896___56 0.160939887166 250.1 252.3 244.1 267.8 227.6 261.8 233.6 246.3
6480__1__0___0 0.157147333026 698.3 80.6 698.3 101.9 681.4 101.9 681.4 80.6
4548__1__896___0 0.141064986587 553.2 451.1 544.4 464.4 530.7 458.8 539.5 445.5
4512__1__896___0 0.604645729065 65.6 458.7 43.9 465.2 38.8 453.2 60.5 446.7
4512__1__896___0 0.211293578148 340.7 351.7 340.7 381.0 322.4 381.0 322.4 351.7
6242__1__0___56 0.525176286697 671.1 38.7 671.1 61.5 656.6 61.5 656.6 38.7
6242__1__0___56 0.129767701030 655.9 75.2 632.0 83.5 628.8 69.8 652.7 61.6
4336__1__896___0 0.408730953932 740.9 472.5 722.0 478.4 717.7 466.8 736.6 460.9
2396__1__0___56 0.138009294868 635.2 120.4 635.2 139.7 614.5 139.7 614.5 120.4
4886__1__896___0 0.173292338848 521.9 755.8 521.9 771.6 500.3 771.6 500.3 755.8
4551__1__896___0 0.279419153929 550.3 449.4 544.2 462.9 526.7 458.1 532.9 444.6
4391__1__896___0 0.422407746315 690.9 458.0 686.2 468.7 669.0 465.0 673.7 454.3
2651__1__896___56 0.341390520334 362.6 781.3 346.0 791.5 336.1 777.7 352.8 767.6
3657__1__896___56 0.141243904829 777.9 467.7 777.9 483.4 746.0 483.4 746.0 467.7
5258__1__896___56 0.280110001564 557.3 535.8 534.5 541.0 530.6 532.0 553.4 526.7
5258__1__896___56 0.178156629205 316.1 528.9 301.4 531.6 297.7 517.0 312.3 514.4
474__1__0___56 0.711686193943 57.8 557.3 57.8 575.6 27.5 575.6 27.5 557.3
5284__1__896___0 0.241492629051 552.2 559.2 552.2 574.1 529.0 574.1 529.0 559.2
5284__1__896___0 0.109144739807 298.6 579.1 280.7 584.3 276.1 571.0 294.0 565.9
2632__1__896___0 0.174711555243 413.8 803.7 413.8 820.4 385.8 820.4 385.8 803.7
4555__1__896___56 0.245973512530 547.1 394.8 542.3 407.5 524.1 402.6 529.0 389.9
488__1__0___0 0.133952528238 810.1 1009.2 795.7 1017.1 787.0 992.2 801.4 984.4
2659__1__896___56 0.139681145549 340.1 782.9 340.1 803.5 320.2 803.5 320.2 782.9
3661__1__896___56 0.128894165158 814.0 469.1 814.0 485.8 778.2 485.8 778.2 469.1
2654__1__896___0 0.586206018925 352.2 837.1 342.9 853.7 329.5 845.0 338.8 828.3
2654__1__896___0 0.112783916295 280.6 317.7 280.6 340.3 264.7 340.3 264.7 317.7
5275__1__896___0 0.240331128240 554.0 567.2 554.0 580.2 532.2 580.2 532.2 567.2
4776__1__896___56 0.305469334126 121.7 265.7 97.5 276.9 90.1 261.7 114.3 250.4
6067__1__0___0 0.115888521075 568.0 811.5 561.3 816.7 545.3 811.7 552.1 806.5
4769__1__896___56 0.499359428883 119.4 261.3 99.1 274.8 89.6 262.3 109.9 248.9
4428__1__896___0 0.263975471258 659.0 450.6 659.0 467.0 637.4 467.0 637.4 450.6
4362__1__896___56 0.103189632297 721.6 405.3 712.6 418.0 697.8 412.2 706.7 399.5
5263__1__896___56 0.103162758052 555.2 520.2 555.2 538.1 531.8 538.1 531.8 520.2
582__1__896___0 0.322242647409 251.6 317.7 242.7 330.2 230.4 321.5 239.3 309.1
4774__1__896___56 0.166829973459 121.8 266.0 96.8 277.2 89.5 261.2 114.5 250.0
3677__1__896___56 0.198682144284 948.2 479.5 948.2 495.6 915.2 495.6 915.2 479.5
4383__1__896___0 0.373124182224 700.8 458.1 697.2 470.3 680.3 465.5 683.8 453.3
2667__1__896___56 0.515620827675 320.1 798.2 320.1 820.6 305.3 820.6 305.3 798.2
4414__1__896___56 0.147921010852 672.6 394.8 672.6 411.2 650.8 411.2 650.8 394.8
4393__1__896___56 0.221555098891 690.9 398.2 690.9 412.5 668.3 412.5 668.3 398.2
4337__1__896___56 0.573118507862 739.2 418.0 711.9 421.9 710.8 408.8 738.0 404.8
4457__1__896___0 0.462505161762 633.0 452.7 630.0 463.9 609.9 458.4 612.9 447.1
6070__1__0___56 0.134367331862 575.8 754.8 572.5 764.9 546.8 759.2 550.1 749.1
4352__1__896___56 0.159105971456 728.6 415.9 709.5 420.8 705.6 409.3 724.7 404.4
552__1__896___0 0.149428799748 249.7 294.9 249.7 314.9 227.3 314.9 227.3 294.9
4775__1__896___56 0.180516421795 122.1 265.7 97.7 277.5 90.0 262.0 114.4 250.2
4521__1__896___56 0.214584305882 341.1 291.8 341.1 319.4 323.3 319.4 323.3 291.8
4521__1__896___56 0.120455779135 575.6 393.6 570.0 406.9 555.9 402.6 561.5 389.3
5322__1__896___0 0.112578757107 547.2 521.9 547.2 540.0 522.3 540.0 522.3 521.9
4344__1__896___0 0.135816439986 735.6 472.2 710.6 477.9 708.2 464.6 733.3 458.9
204__1__0___56 0.260276168585 150.3 236.6 150.3 255.0 109.7 255.0 109.7 236.6
5253__1__896___56 0.218475252390 558.3 538.9 543.3 548.5 530.0 541.4 545.0 531.8
5253__1__896___56 0.119161590934 320.2 528.1 300.4 532.3 298.0 518.0 317.8 513.8
4558__1__896___56 0.154826641083 544.1 393.5 540.6 408.7 518.9 405.1 522.3 389.9
4338__1__896___56 0.668235659599 738.1 418.2 712.1 421.2 710.9 408.1 736.9 405.1
6244__1__0___0 0.372853308916 670.8 93.0 670.8 115.5 655.2 115.5 655.2 93.0
6244__1__0___0 0.128062143922 653.0 135.8 621.9 140.3 621.2 126.5 652.3 121.9
5342__1__896___56 0.109331376851 254.6 519.8 243.9 525.3 235.6 516.6 246.2 511.1
558__1__896___0 0.177385121584 250.4 297.7 250.4 316.1 227.5 316.1 227.5 297.7
4329__1__896___0 0.143992081285 747.9 476.2 723.0 480.0 720.3 468.1 745.2 464.3
2403__1__0___56 0.151973113418 630.1 120.1 630.1 141.0 613.5 141.0 613.5 120.1
4513__1__896___56 0.442814737558 72.1 403.1 48.4 408.7 43.9 397.8 67.6 392.2
4513__1__896___56 0.236890256405 340.7 297.0 340.7 325.3 322.9 325.3 322.9 297.0
4401__1__896___56 0.414791136980 682.8 397.0 682.8 411.9 659.7 411.9 659.7 397.0
2386__1__0___0 0.180544093251 638.9 174.5 638.9 195.4 621.0 195.4 621.0 174.5
2686__1__896___0 0.155581489205 285.8 892.2 285.8 917.9 272.1 917.9 272.1 892.2
2385__1__0___0 0.178761437535 639.9 175.0 639.9 195.6 621.1 195.6 621.1 175.0
2472__1__896___0 0.110041059554 199.1 337.1 194.8 359.2 173.7 354.8 177.9 332.8
578__1__896___0 0.242600977421 251.1 315.8 241.9 329.4 229.3 320.8 238.5 307.2
4776__1__896___0 0.405792295933 120.6 321.3 98.3 333.8 90.2 319.7 112.5 307.2
6106__1__0___0 0.131100550294 587.2 818.7 583.2 827.5 565.0 823.3 569.0 814.4
725__1__0___56 0.333198785782 121.3 582.6 121.3 598.8 89.4 598.8 89.4 582.6
424__1__0___0 0.183793053031 239.6 646.4 239.6 662.9 206.8 662.9 206.8 646.4
2389__1__0___0 0.194628253579 638.1 174.4 638.1 195.8 620.4 195.8 620.4 174.4
422__1__0___56 0.217918589711 245.0 592.6 245.0 608.2 213.9 608.2 213.9 592.6
1907__1__896___0 0.128060311079 51.4 205.2 40.4 210.4 37.1 193.5 48.1 188.3
4773__1__896___56 0.186950236559 121.1 266.0 96.8 276.9 89.5 261.1 113.9 250.2
1908__1__896___0 0.129512444139 51.6 203.3 39.9 210.6 36.5 195.9 48.3 188.6
4516__1__896___56 0.203194096684 340.5 291.8 340.5 321.1 323.2 321.1 323.2 291.8
4516__1__896___56 0.102143600583 84.4 405.3 57.4 409.1 54.6 397.8 81.6 394.0
4889__1__896___0 0.128293156624 521.3 765.8 501.4 768.4 499.6 753.1 519.4 750.5
2663__1__896___56 0.483942329884 329.4 791.2 329.4 812.7 312.3 812.7 312.3 791.2
4549__1__896___56 0.122210301459 552.9 394.3 546.8 408.0 530.2 403.3 536.3 389.5
5303__1__896___0 0.481613218784 548.2 542.2 548.2 555.0 526.5 555.0 526.5 542.2
2392__1__0___0 0.147844418883 636.7 175.2 636.7 195.8 614.6 195.8 614.6 175.2
456__1__0___56 0.712206542492 121.2 567.6 121.2 584.9 92.5 584.9 92.5 567.6
4555__1__896___0 0.462465643883 545.5 449.4 541.6 463.6 523.6 459.2 527.5 445.0
4426__1__896___56 0.205554366112 660.9 393.9 660.9 409.5 638.9 409.5 638.9 393.9
4449__1__896___56 0.216760098934 63.1 75.9 63.1 95.6 38.5 95.6 38.5 75.9
4449__1__896___56 0.198548197746 639.9 394.5 639.9 409.8 618.7 409.8 618.7 394.5
5279__1__896___0 0.172942876816 553.4 559.5 553.4 579.5 530.9 579.5 530.9 559.5
4397__1__896___56 0.183294340968 686.7 397.4 686.7 411.9 666.7 411.9 666.7 397.4
4377__1__896___0 0.174965068698 705.2 455.4 705.2 469.0 685.0 469.0 685.0 455.4
4552__1__896___0 0.464605003595 548.7 448.8 545.0 462.5 526.1 458.3 529.7 444.6
5261__1__896___0 0.120465964079 555.8 586.5 540.7 594.4 530.9 583.2 546.0 575.4
5181__1__896___56 0.166031554341 373.3 537.6 355.0 542.2 350.6 534.0 368.8 529.3
6476__1__896___56 0.115413479507 317.3 758.1 317.3 774.0 291.3 774.0 291.3 758.1
5311__1__896___56 0.111057057977 547.5 478.5 547.5 495.4 524.6 495.4 524.6 478.5
6483__1__0___56 0.113617673516 698.2 22.9 698.2 47.6 680.7 47.6 680.7 22.9
2396__1__0___0 0.141149058938 636.0 175.5 636.0 194.8 612.9 194.8 612.9 175.5
2797__1__896___56 0.103785097599 209.5 243.4 209.5 263.5 187.3 263.5 187.3 243.4
2386__1__0___56 0.128416344523 638.1 119.2 638.1 141.2 621.6 141.2 621.6 119.2
566__1__896___56 0.162290826440 249.3 252.2 243.4 267.7 227.4 261.7 233.4 246.2
4777__1__896___0 0.381377607584 121.1 320.8 98.9 333.4 90.8 319.2 113.0 306.7
