3669__1__896___0 0.956845164299 383.0 654.6 381.1 709.3 227.4 702.2 229.3 647.5
3669__1__896___0 0.920179128647 287.6 451.6 285.8 507.2 141.7 500.4 143.5 444.8
4899__1__896___0 0.738558828831 335.3 713.3 335.3 744.7 280.0 744.7 280.0 713.3
5315__1__896___0 0.901624202728 434.6 785.0 434.6 863.9 340.3 863.9 340.3 785.0
3674__1__896___56 0.932133436203 358.7 597.8 356.5 652.4 203.6 644.9 205.8 590.2
3674__1__896___56 0.930900096893 311.9 399.3 311.7 453.6 165.7 445.9 166.0 391.7
3698__1__896___56 0.925856828690 251.2 589.3 250.6 643.3 95.3 638.2 96.0 584.2
3698__1__896___56 0.896242558956 421.9 408.3 419.5 462.9 274.5 454.7 276.9 400.0
3591__1__896___56 0.896351516247 732.7 616.7 732.7 674.5 569.4 674.5 569.4 616.7
3224__1__0___0 0.862654209137 600.4 397.2 598.5 434.7 515.8 428.3 517.7 390.8
3224__1__0___0 0.107554726303 927.3 679.9 927.3 709.9 876.3 709.9 876.3 679.9
1851__1__896___0 0.930935144424 236.0 641.9 236.0 685.9 144.2 685.9 144.2 641.9
3763__1__896___0 0.955906271935 729.0 486.0 729.0 542.8 583.5 542.8 583.5 486.0
3763__1__896___0 0.711711168289 681.2 660.5 674.0 694.6 613.5 682.1 620.6 648.0
3182__1__0___0 0.707637071609 480.9 387.6 477.1 426.2 394.4 419.3 398.2 380.7
1835__1__896___56 0.920480132103 339.1 592.1 339.1 639.6 239.6 639.6 239.6 592.1
5277__1__896___0 0.929261624813 526.4 809.9 427.1 819.3 420.5 764.5 519.7 755.1
3191__1__0___56 0.614553928375 504.0 333.9 500.6 372.2 419.7 365.1 423.1 326.7
1864__1__896___56 0.830876767635 153.5 577.9 153.5 622.2 63.7 622.2 63.7 577.9
3569__1__896___56 0.806795597076 822.8 627.2 823.9 682.0 661.9 678.1 660.8 623.4
3620__1__896___56 0.948027610779 603.5 608.5 603.5 666.0 442.6 666.0 442.6 608.5
3620__1__896___56 0.801262736320 79.2 375.2 79.2 431.6 -5.2 431.6 -5.2 375.2
5274__1__896___0 0.947450697422 534.1 807.4 433.5 817.5 427.2 764.3 527.8 754.1
3663__1__896___0 0.928774952888 260.8 448.9 258.5 504.8 113.2 497.7 115.5 441.8
3663__1__896___0 0.840114831924 408.1 656.8 406.5 710.0 254.6 703.2 256.2 650.0
5332__1__896___0 0.841614484787 399.2 809.3 399.2 892.9 310.7 892.9 310.7 809.3
5249__1__896___0 0.944977939129 601.4 752.3 601.4 801.4 498.6 801.4 498.6 752.3
6281__1__896___56 0.128083929420 689.8 660.8 617.6 664.3 615.3 631.8 687.5 628.3
3188__1__0___0 0.810681223869 497.5 388.0 493.5 428.0 410.3 419.8 414.3 379.8
3108__1__0___0 0.816221177578 312.7 372.3 311.0 412.6 223.9 405.3 225.6 365.0
2393__1__0___0 0.141145184636 32.8 385.3 24.0 425.3 -8.3 418.0 0.5 378.0
3156__1__0___56 0.620451092720 415.4 321.1 415.4 362.1 329.0 362.1 329.0 321.1
3676__1__896___56 0.928138554096 321.4 399.6 319.3 455.6 173.4 447.5 175.4 391.5
3676__1__896___56 0.848012149334 350.4 596.5 349.4 650.3 194.7 644.1 195.8 590.2
3597__1__896___0 0.836301207542 702.7 677.7 701.1 730.8 543.2 725.1 544.8 671.9
1845__1__896___56 0.916792273521 273.8 588.9 273.8 634.0 179.3 634.0 179.3 588.9
1863__1__896___0 0.943689405918 160.9 634.8 160.9 678.6 70.8 678.6 70.8 634.8
1858__1__896___0 0.804419279099 193.3 637.1 193.3 681.6 99.8 681.6 99.8 637.1
5251__1__896___0 0.944853544235 594.9 751.8 594.9 802.6 491.7 802.6 491.7 751.8
5143__1__896___56 0.942638933659 1005.5 707.5 1005.5 753.3 890.8 753.3 890.8 707.5
3604__1__896___0 0.883030354977 671.7 676.3 673.1 727.9 517.2 722.6 515.8 671.0
3604__1__896___0 0.661635220051 19.1 433.7 13.5 477.9 -5.7 474.3 -0.1 430.1
3185__1__0___56 0.871199369431 488.5 332.8 485.0 372.1 401.9 363.8 405.5 324.5
6057__1__0___56 0.199657380581 182.0 558.9 178.6 596.7 101.6 588.4 105.0 550.6
5310__1__896___56 0.841563165188 446.5 725.3 446.5 799.9 349.9 799.9 349.9 725.3
5333__1__896___56 0.838354945183 397.0 754.1 397.0 839.7 308.4 839.7 308.4 754.1
4889__1__896___56 0.533026576042 375.3 659.3 375.3 691.9 316.5 691.9 316.5 659.3
3181__1__0___56 0.808232367039 477.6 333.0 474.3 370.3 393.3 362.8 396.6 325.6
3601__1__896___0 0.849653244019 687.1 676.4 687.8 728.8 528.4 723.2 527.8 670.8
228__1__896___56 0.796438276768 905.8 729.7 905.8 769.1 800.9 769.1 800.9 729.7
3699__1__896___56 0.944359362125 426.3 409.3 424.9 462.7 282.5 456.1 283.8 402.6
3699__1__896___56 0.829510986805 246.0 589.2 245.1 643.2 88.5 638.4 89.4 584.4
4667__1__896___56 0.138120919466 862.5 469.9 862.5 497.8 806.3 497.8 806.3 469.9
3703__1__896___0 0.931416392326 229.3 638.5 229.3 698.2 70.3 698.2 70.3 638.5
3703__1__896___0 0.916269361973 445.7 467.2 444.9 520.8 298.1 513.1 298.9 459.5
5666__1__896___0 0.712920486927 981.6 755.8 981.6 796.3 893.5 796.3 893.5 755.8
3181__1__0___0 0.667911052704 477.3 388.2 473.5 426.5 392.3 419.1 396.1 380.8
3163__1__0___56 0.904794752598 432.1 320.4 432.1 363.9 344.1 363.9 344.1 320.4
6057__1__0___0 0.240807384253 181.2 614.1 176.7 652.7 99.9 643.4 104.4 604.9
1852__1__896___56 0.905377805233 231.3 584.2 231.3 629.9 137.6 629.9 137.6 584.2
3186__1__0___56 0.901692152023 492.6 332.9 488.9 372.5 405.2 364.6 408.9 325.1
3738__1__896___56 0.944954872131 605.5 420.6 605.5 478.3 462.0 478.3 462.0 420.6
3738__1__896___56 0.865017354488 70.3 576.0 63.6 635.8 -9.7 626.7 -3.1 566.9
3592__1__896___0 0.740934908390 724.5 673.1 724.5 729.7 565.2 729.7 565.2 673.1
3766__1__896___0 0.955857038498 745.6 486.6 745.6 546.2 598.5 546.2 598.5 486.6
3766__1__896___0 0.893205761909 677.3 658.7 670.1 694.1 608.3 681.8 615.6 646.4
3748__1__896___0 0.953036904335 654.1 480.7 654.1 536.4 511.3 536.4 511.3 480.7
3748__1__896___0 0.707139730453 23.3 624.9 19.6 685.5 -4.6 684.4 -0.9 623.9
3608__1__896___0 0.959622383118 655.3 672.3 654.4 725.7 497.5 721.3 498.5 668.0
3608__1__896___0 0.824085950851 30.5 427.8 30.5 483.1 -0.8 483.1 -0.8 427.8
3693__1__896___0 0.926716983318 271.9 643.0 271.9 700.0 117.0 700.0 117.0 643.0
3693__1__896___0 0.919944405556 397.5 462.4 395.5 517.2 254.0 509.1 256.1 454.3
5659__1__896___0 0.811421513557 1014.2 762.5 1011.7 800.1 923.0 793.3 925.4 755.6
5144__1__896___56 0.938797712326 1001.2 707.0 1001.2 752.5 888.0 752.5 888.0 707.0
3027__1__0___0 0.742954552174 160.1 355.2 157.2 395.8 68.5 387.6 71.4 347.0
6081__1__0___56 0.773694753647 67.8 542.8 63.9 581.7 -2.4 574.9 1.5 536.0
3683__1__896___0 0.960294246674 350.5 458.0 348.8 513.3 206.7 506.0 208.5 450.7
3683__1__896___0 0.885424494743 319.2 650.2 317.4 704.8 163.9 700.5 165.7 645.9
5145__1__896___56 0.943084776402 996.6 707.8 996.6 753.3 882.6 753.3 882.6 707.8
5306__1__896___0 0.878472924232 454.2 775.7 454.2 850.7 355.7 850.7 355.7 775.7
3739__1__896___0 0.890280485153 607.3 475.4 607.3 534.6 466.3 534.6 466.3 475.4
3739__1__896___0 0.817948162556 65.1 630.7 59.2 691.4 -6.5 683.3 -0.7 622.5
5254__1__896___56 0.930775523186 586.6 744.5 483.4 748.4 482.0 699.6 585.2 695.7
3588__1__896___0 0.920027971268 745.8 674.8 745.8 729.8 584.7 729.8 584.7 674.8
195__1__896___56 0.131352096796 170.2 619.1 170.2 648.8 109.9 648.8 109.9 619.1
3169__1__0___56 0.166786834598 445.5 327.8 443.9 365.2 360.6 360.3 362.2 322.9
5136__1__896___0 0.670880377293 1019.3 765.5 1019.3 808.8 923.2 808.8 923.2 765.5
4900__1__896___56 0.813247799873 332.8 656.7 332.8 689.1 277.3 689.1 277.3 656.7
5659__1__896___56 0.761628746986 1017.0 706.8 1015.0 746.1 926.4 738.6 928.3 699.2
5130__1__896___56 0.587490797043 1024.9 711.1 1024.9 754.1 949.6 754.1 949.6 711.1
3582__1__896___56 0.961659550667 772.6 626.3 773.5 679.4 609.9 674.5 609.0 621.4
3686__1__896___0 0.947225928307 366.7 459.9 365.1 514.6 219.3 506.7 220.9 452.0
3686__1__896___0 0.909792423248 305.1 644.0 305.1 702.9 148.6 702.9 148.6 644.0
2673__1__896___56 0.175014451146 174.5 55.1 123.6 89.0 101.4 45.7 152.3 11.8
5269__1__896___56 0.912027299404 546.4 747.1 448.7 756.0 443.0 705.7 540.8 696.7
2672__1__896___56 0.123695217073 173.2 54.2 124.0 88.6 102.2 46.2 151.3 11.8
3568__1__896___56 0.793268263340 831.0 624.9 831.0 683.4 666.9 683.4 666.9 624.9
3566__1__896___0 0.959539711475 842.0 681.0 842.0 739.8 673.9 739.8 673.9 681.0
3169__1__0___0 0.405900925398 445.6 383.8 443.0 421.3 360.9 415.7 363.5 378.3
3765__1__896___56 0.927095115185 738.3 430.6 738.3 488.9 593.6 488.9 593.6 430.6
3765__1__896___56 0.855235457420 679.1 605.0 671.9 637.9 612.0 624.0 619.2 591.1
3691__1__896___56 0.947189450264 281.5 587.6 281.5 645.5 125.7 645.5 125.7 587.6
3691__1__896___56 0.931141793728 388.7 406.7 386.0 461.6 242.1 453.6 244.8 398.6
3617__1__896___56 0.901889622211 616.2 609.6 616.2 666.0 457.6 666.0 457.6 609.6
3617__1__896___56 0.794983863831 66.9 376.3 66.9 430.5 -4.9 430.5 -4.9 376.3
3173__1__0___0 0.734286963940 456.1 385.7 452.8 423.8 368.4 416.1 371.6 378.0
6054__1__0___56 0.693142354488 194.6 559.7 190.6 597.5 113.2 589.1 117.2 551.3
3743__1__896___0 0.946697473526 628.7 477.6 628.7 535.0 483.5 535.0 483.5 477.6
3743__1__896___0 0.766026556492 47.6 627.9 40.8 691.2 -5.4 684.5 1.3 621.2
3743__1__896___0 0.101300768554 712.6 662.0 712.6 695.7 651.6 695.7 651.6 662.0
3590__1__896___0 0.934370160103 736.7 672.7 736.7 730.6 573.7 730.6 573.7 672.7
3220__1__0___0 0.687513470650 946.8 680.6 946.8 711.3 890.1 711.3 890.1 680.6
3220__1__0___0 0.685042679310 588.5 395.6 586.9 433.2 502.2 427.1 503.9 389.5
3586__1__896___0 0.933596968651 754.1 674.3 754.1 731.1 588.6 731.1 588.6 674.3
4580__1__896___0 0.468806415796 496.1 483.8 496.1 518.5 427.7 518.5 427.7 483.8
3697__1__896___0 0.945783317089 416.4 464.1 413.3 518.9 268.6 509.9 271.6 455.1
3697__1__896___0 0.938368380070 254.9 645.7 254.8 699.8 99.1 694.7 99.2 640.5
3745__1__896___56 0.819171667099 635.9 422.8 635.9 480.8 494.1 480.8 494.1 422.8
3745__1__896___56 0.800267040730 39.7 570.3 34.1 632.2 -4.1 627.4 1.5 565.6
4680__1__896___0 0.793312430382 927.0 529.2 927.0 564.9 816.1 564.9 816.1 529.2
5317__1__896___0 0.750556707382 430.3 787.3 430.3 866.6 336.2 866.6 336.2 787.3
3650__1__896___56 0.945034921169 204.5 388.9 202.9 444.3 54.8 436.6 56.4 381.2
3650__1__896___56 0.907073557377 466.8 600.2 466.8 655.8 312.3 655.8 312.3 600.2
5320__1__896___56 0.840458929539 422.4 737.9 422.4 815.4 329.4 815.4 329.4 737.9
3156__1__0___0 0.519020915031 415.5 376.4 415.5 417.0 329.6 417.0 329.6 376.4
3749__1__896___0 0.943062067032 659.3 481.3 659.3 536.8 516.5 536.8 516.5 481.3
3749__1__896___0 0.563840925694 21.6 622.3 18.4 681.8 -2.5 681.3 0.6 621.8
3749__1__896___0 0.114202581346 701.1 663.9 698.0 694.8 637.8 689.6 640.8 658.7
5330__1__896___56 0.781136393547 403.7 751.5 403.7 831.9 313.9 831.9 313.9 751.5
3590__1__896___56 0.883861839771 736.1 617.1 736.1 674.8 574.0 674.8 574.0 617.1
3747__1__896___0 0.948948085308 648.2 480.4 648.2 536.7 502.0 536.7 502.0 480.4
3747__1__896___0 0.658484935760 32.1 623.4 25.2 684.8 -7.6 680.3 -0.6 618.9
4674__1__896___0 0.166758671403 895.3 527.8 895.3 557.1 837.6 557.1 837.6 527.8
3151__1__0___0 0.854025542736 403.1 377.1 403.1 413.8 317.1 413.8 317.1 377.1
3766__1__896___56 0.935744941235 745.6 430.9 745.6 490.3 599.9 490.3 599.9 430.9
3766__1__896___56 0.850697219372 676.6 603.6 669.7 637.5 609.3 624.8 616.2 590.9
3678__1__896___56 0.841115653515 342.9 595.3 341.8 650.3 186.5 643.4 187.6 588.4
3678__1__896___56 0.794262766838 330.8 400.3 329.8 456.1 183.4 447.4 184.5 391.5
3758__1__0___56 0.878345847130 873.8 552.5 873.8 613.8 711.8 613.8 711.8 552.5
3736__1__896___0 0.943879127502 597.3 479.8 595.3 535.2 451.6 528.9 453.5 473.4
3736__1__896___0 0.866395831108 79.9 632.6 73.3 692.5 -6.7 681.5 -0.2 621.5
3109__1__0___0 0.787327289581 313.5 373.2 312.1 412.8 228.3 405.3 229.8 365.7
1837__1__896___56 0.830717742443 324.9 592.0 324.9 637.9 227.8 637.9 227.8 592.0
1837__1__896___56 0.254659593105 39.1 597.9 39.1 637.9 -0.7 637.9 -0.7 597.9
5341__1__896___56 0.749036788940 383.9 767.4 383.9 858.1 296.9 858.1 296.9 767.4
1847__1__896___56 0.854820311069 263.8 587.3 263.8 632.8 166.7 632.8 166.7 587.3
3621__1__896___0 0.805232882500 598.4 665.1 598.4 721.7 441.1 721.7 441.1 665.1
3621__1__896___0 0.764063119888 83.0 433.4 83.0 487.6 -4.0 487.6 -4.0 433.4
3576__1__896___0 0.825935244560 795.9 683.1 795.5 737.5 634.9 730.6 635.3 676.2
3664__1__896___0 0.960487306118 266.3 449.5 264.8 505.4 117.9 499.1 119.4 443.2
3664__1__896___0 0.907407939434 404.8 656.5 403.3 709.7 249.8 703.3 251.4 650.1
5181__1__896___0 0.774864017963 840.6 757.8 840.6 803.2 734.0 803.2 734.0 757.8
5271__1__896___56 0.822101414204 541.4 750.7 439.4 757.1 435.8 705.1 537.9 698.6
6079__1__0___0 0.835363149643 75.3 600.6 72.0 638.5 -3.9 630.8 -0.6 592.8
223__1__896___56 0.160390928388 933.3 733.0 933.3 767.4 835.2 767.4 835.2 733.0
1833__1__896___0 0.904223799706 351.7 649.1 351.7 697.0 251.1 697.0 251.1 649.1
3747__1__896___56 0.939922988415 647.9 424.9 647.9 480.5 505.6 480.5 505.6 424.9
3747__1__896___56 0.792027413845 31.4 569.4 25.2 628.9 -6.7 624.8 -0.4 565.3
5273__1__896___56 0.865526080132 537.3 751.5 434.7 759.0 430.5 706.0 533.1 698.5
3155__1__0___0 0.710425555706 412.9 376.2 412.9 416.8 325.9 416.8 325.9 376.2
5129__1__896___56 0.435364961624 1025.0 710.5 1025.0 754.6 952.0 754.6 952.0 710.5
3733__1__896___0 0.964728772640 581.5 473.1 581.5 532.8 439.6 532.8 439.6 473.1
3733__1__896___0 0.887706279755 95.7 634.8 89.0 692.9 -6.0 680.3 0.6 622.1
3752__1__896___56 0.948098659515 672.2 427.1 672.2 481.6 531.0 481.6 531.0 427.1
3752__1__896___56 0.704562425613 696.1 606.7 690.7 638.3 632.6 630.3 638.0 598.8
5332__1__896___56 0.809554696083 398.6 752.8 398.6 838.9 310.5 838.9 310.5 752.8
1856__1__896___0 0.874408125877 206.6 637.9 206.6 683.3 112.8 683.3 112.8 637.9
3653__1__896___56 0.932141065598 217.5 390.7 216.6 445.8 67.7 438.2 68.6 383.1
3653__1__896___56 0.919374763966 451.5 604.6 450.8 656.0 297.9 649.6 298.6 598.1
5329__1__896___56 0.833599448204 403.8 749.8 403.8 830.2 315.9 830.2 315.9 749.8
3683__1__896___56 0.948950946331 351.4 402.6 349.4 458.0 207.2 450.3 209.1 394.9
3683__1__896___56 0.841046094894 318.9 593.9 317.8 648.3 164.4 644.4 165.5 589.9
5269__1__896___0 0.870140135288 545.5 803.7 447.7 812.4 442.3 760.0 540.1 751.3
230__1__896___0 0.803473591805 891.6 785.1 891.6 822.5 802.6 822.5 802.6 785.1
3225__1__0___56 0.780165731907 602.5 341.8 598.7 379.5 519.2 372.3 523.0 334.6
3225__1__0___56 0.351701796055 924.0 624.3 924.0 654.8 870.9 654.8 870.9 624.3
5184__1__896___0 0.828953564167 828.2 756.8 828.2 802.2 719.7 802.2 719.7 756.8
4595__1__896___56 0.726702570915 558.5 433.5 558.5 473.4 456.2 473.4 456.2 433.5
3654__1__896___0 0.947458684444 221.9 446.5 219.8 503.2 70.4 495.2 72.6 438.4
3654__1__896___0 0.906027913094 446.1 659.3 444.7 711.4 293.4 705.1 294.9 653.1
6081__1__0___0 0.841355323792 67.5 599.7 64.2 636.7 -3.8 630.4 -0.5 593.4
3221__1__0___56 0.860098719597 590.3 340.6 587.4 377.7 506.0 371.5 508.9 334.5
3221__1__0___56 0.757194638252 941.0 624.2 941.0 654.8 885.3 654.8 885.3 624.2
5324__1__896___56 0.807503163815 416.0 742.6 416.0 823.4 323.2 823.4 323.2 742.6
1835__1__896___0 0.861017882824 339.0 648.7 339.0 696.1 239.4 696.1 239.4 648.7
4674__1__896___56 0.102792367339 895.5 471.6 895.5 501.7 838.0 501.7 838.0 471.6
4897__1__896___0 0.739883661270 343.0 715.1 343.0 746.0 287.3 746.0 287.3 715.1
3716__1__896___0 0.958598911762 171.1 638.8 168.4 696.2 11.7 687.3 14.4 629.9
3716__1__896___0 0.890575826168 502.3 472.4 499.3 526.8 358.9 518.4 361.9 464.0
5268__1__896___0 0.841883659363 549.2 802.7 449.0 812.5 444.0 761.0 544.1 751.2
3700__1__896___0 0.908547997475 241.9 639.5 241.9 698.0 83.9 698.0 83.9 639.5
3700__1__896___0 0.901882767677 430.1 465.3 427.7 519.8 283.0 511.8 285.4 457.3
3649__1__896___56 0.955867171288 199.3 388.4 197.5 443.7 51.4 436.0 53.2 380.7
3649__1__896___56 0.922073006630 472.0 600.9 472.0 654.8 317.1 654.8 317.1 600.9
3606__1__896___0 0.953176259995 663.9 673.8 663.0 727.1 505.2 722.3 506.1 669.1
3606__1__896___0 0.869469940662 23.4 430.6 20.8 481.1 -2.4 478.9 0.2 428.5
6045__1__0___0 0.860238850117 239.2 622.4 234.7 662.4 158.1 652.5 162.7 612.5
5312__1__896___0 0.817617595196 441.4 783.2 441.4 858.6 347.2 858.6 347.2 783.2
5667__1__896___56 0.842721045017 976.3 700.9 976.3 739.1 887.1 739.1 887.1 700.9
3178__1__0___0 0.843473672867 468.7 386.6 465.9 425.2 384.0 418.1 386.8 379.5
660__1__896___0 0.193092718720 223.8 991.2 223.8 1025.0 189.1 1025.0 189.1 991.2
3580__1__896___56 0.936685860157 780.8 626.0 780.4 680.5 617.8 674.4 618.1 619.8
5307__1__896___0 0.744860768318 452.2 778.3 452.2 850.7 354.6 850.7 354.6 778.3
3195__1__0___0 0.742337465286 514.5 391.3 511.9 428.5 429.8 421.0 432.4 383.8
3759__1__896___56 0.915655434132 709.7 429.1 709.7 485.9 564.2 485.9 564.2 429.1
3759__1__896___56 0.659040868282 685.1 605.9 678.3 638.9 621.3 626.8 628.1 593.9
5810__1__896___56 0.819949269295 371.5 655.9 371.5 696.6 291.0 696.6 291.0 655.9
5302__1__896___56 0.905584156513 467.5 780.6 369.7 791.8 360.7 724.6 458.4 713.4
2829__1__896___0 0.133685752749 14.6 626.5 14.6 669.1 -2.5 669.1 -2.5 626.5
227__1__896___0 0.718064725399 910.5 786.7 910.5 823.6 806.2 823.6 806.2 786.7
5175__1__896___0 0.795808911324 865.0 757.6 865.0 804.1 756.7 804.1 756.7 757.6
6082__1__0___0 0.809218645096 64.0 593.4 64.0 635.9 -4.5 635.9 -4.5 593.4
3165__1__0___0 0.805212736130 436.2 383.5 434.5 421.7 348.4 414.9 350.1 376.7
223__1__896___0 0.140474244952 931.6 789.7 931.6 821.5 837.6 821.5 837.6 789.7
3172__1__0___0 0.232238888741 454.1 385.1 450.6 422.9 366.8 415.7 370.3 377.9
3190__1__0___56 0.696574628353 501.9 333.3 498.7 372.0 417.1 365.0 420.3 326.3
1845__1__896___0 0.842615723610 273.5 644.4 273.5 690.1 179.0 690.1 179.0 644.4
5272__1__896___0 0.922287106514 538.3 805.5 437.8 814.2 432.8 762.8 533.3 754.1
3575__1__896___56 0.963664948940 797.0 627.1 796.4 681.9 637.2 675.6 637.7 620.8
3153__1__0___0 0.619263887405 407.8 377.0 407.8 414.6 322.6 414.6 322.6 377.0
3729__1__896___56 0.875141799450 564.3 420.8 561.1 476.5 417.6 467.2 420.8 411.5
3729__1__896___56 0.818909227848 113.3 581.6 108.8 638.3 -4.5 626.7 -0.0 570.0
3728__1__896___0 0.929419100285 559.3 477.1 557.2 531.6 414.4 523.5 416.4 469.1
3728__1__896___0 0.901383101940 118.0 637.3 113.5 696.3 -2.7 685.0 1.8 626.0
3567__1__896___0 0.963775694370 834.0 684.7 832.9 739.8 669.9 734.6 671.0 679.5
6054__1__0___0 0.832523465157 195.0 616.4 190.6 654.5 112.6 645.0 117.0 606.8
3740__1__896___0 0.916924834251 612.2 477.2 612.2 534.3 468.7 534.3 468.7 477.2
3740__1__896___0 0.789533436298 61.6 630.8 56.2 691.2 -3.5 683.3 1.9 622.9
3621__1__896___56 0.944318532944 599.2 608.6 599.2 665.7 441.2 665.7 441.2 608.6
3621__1__896___56 0.674100339413 82.2 375.7 82.2 430.4 -4.0 430.4 -4.0 375.7
4887__1__896___0 0.256199151278 382.0 716.1 382.0 748.4 326.7 748.4 326.7 716.1
6082__1__0___56 0.830005168915 64.4 535.7 64.4 581.4 -4.1 581.4 -4.1 535.7
5341__1__896___0 0.715502262115 384.0 824.3 384.0 915.5 297.7 915.5 297.7 824.3
3196__1__0___56 0.790636241436 519.4 334.2 515.9 373.2 432.6 365.9 436.1 326.9
5133__1__896___56 0.880456566811 1025.2 710.7 1025.2 755.0 936.5 755.0 936.5 710.7
3760__1__896___0 0.924744904041 715.3 484.2 715.3 541.8 567.8 541.8 567.8 484.2
3760__1__896___0 0.759440839291 685.8 660.9 678.5 695.3 620.5 683.2 627.8 648.7
3723__1__896___0 0.885769009590 139.7 638.7 136.7 695.3 -3.4 685.4 -0.4 628.8
3723__1__896___0 0.839869141579 535.4 474.9 533.7 529.2 389.1 521.4 390.8 467.0
5345__1__896___0 0.371370643377 375.3 834.4 375.3 920.2 293.5 920.2 293.5 834.4
3574__1__896___56 0.909491181374 802.6 628.0 801.9 682.8 642.0 676.4 642.7 621.6
5271__1__896___0 0.928891479969 540.8 804.6 440.7 812.6 436.1 762.0 536.2 754.0
5302__1__896___0 0.895990788937 466.2 837.1 370.5 848.6 361.4 781.2 457.2 769.7
676__1__896___56 0.340960174799 238.4 1005.7 227.7 1023.2 200.8 1010.6 211.5 993.1
2674__1__896___56 0.174215853214 174.1 57.7 121.2 88.1 101.2 43.0 154.1 12.6
5257__1__896___56 0.898316383362 578.4 744.3 475.0 749.5 473.4 701.6 576.7 696.4
3613__1__896___0 0.929187297821 632.6 666.3 632.6 723.9 475.6 723.9 475.6 666.3
3613__1__896___0 0.885674178600 50.0 433.5 45.8 487.6 -2.9 484.1 1.3 430.0
3705__1__896___56 0.965211868286 454.1 412.6 452.8 465.3 309.6 458.4 311.0 405.7
3705__1__896___56 0.922951459885 219.7 585.9 218.9 642.1 60.7 636.2 61.5 580.1
3706__1__896___56 0.926419496536 457.1 413.3 456.0 466.2 313.2 458.8 314.2 405.9
3706__1__896___56 0.902261376381 214.6 586.2 212.9 642.3 57.5 635.9 59.2 579.7
4893__1__896___56 0.621799170971 359.3 659.1 359.3 689.8 303.2 689.8 303.2 659.1
5249__1__896___56 0.839512586594 600.5 696.3 600.5 745.9 498.4 745.9 498.4 696.3
3587__1__896___0 0.915904998779 748.5 675.1 748.5 730.2 587.3 730.2 587.3 675.1
5296__1__896___56 0.902239143848 480.4 771.1 384.5 786.0 373.6 723.6 469.6 708.7
5280__1__896___0 0.789854228497 516.8 815.2 419.0 820.9 414.4 762.5 512.3 756.7
3186__1__0___0 0.802664279938 492.9 388.1 488.8 428.1 405.2 420.0 409.3 380.0
5262__1__896___0 0.906545400620 565.1 801.7 464.8 807.6 461.7 758.9 561.9 753.0
4886__1__896___56 0.603771388531 387.5 660.1 387.5 692.0 329.2 692.0 329.2 660.1
1857__1__896___56 0.920490920544 200.7 582.3 200.7 627.2 105.9 627.2 105.9 582.3
3610__1__896___56 0.889121115208 643.9 613.3 643.9 668.2 491.2 668.2 491.2 613.3
3610__1__896___56 0.803908288479 37.4 374.9 37.4 428.7 0.9 428.7 0.9 374.9
3224__1__0___56 0.831361889839 600.7 341.1 596.9 379.1 515.5 372.2 519.2 334.1
3224__1__0___56 0.225582391024 926.5 624.0 926.5 654.5 876.6 654.5 876.6 624.0
3750__1__896___0 0.918697834015 662.5 481.3 662.5 538.3 521.1 538.3 521.1 481.3
3750__1__896___0 0.601488113403 19.1 620.2 19.1 680.1 -0.3 680.1 -0.3 620.2
3750__1__896___0 0.256701081991 700.6 663.7 698.5 694.5 636.2 689.7 638.3 659.0
3223__1__0___0 0.886273145676 597.2 397.3 596.0 434.6 513.5 428.4 514.7 391.1
3223__1__0___0 0.288779288530 933.5 680.1 933.5 710.7 878.7 710.7 878.7 680.1
3225__1__0___0 0.900170981884 602.8 398.5 600.7 435.7 519.0 428.5 521.2 391.3
3225__1__0___0 0.152526259422 924.1 681.0 924.1 709.6 872.2 709.6 872.2 681.0
1870__1__896___0 0.910927951336 120.5 629.0 120.5 676.0 24.8 676.0 24.8 629.0
1834__1__896___56 0.907663106918 347.0 593.0 347.0 640.2 245.0 640.2 245.0 593.0
3602__1__896___56 0.947603940964 680.0 619.5 680.4 672.5 522.8 667.6 522.4 614.6
3602__1__896___56 0.149908721447 14.5 379.0 10.9 421.7 -3.2 420.9 0.4 378.2
3713__1__896___56 0.953444838524 182.1 584.3 180.2 640.0 24.7 632.5 26.6 576.8
3713__1__896___56 0.799694776535 490.2 415.2 487.4 469.5 343.1 461.2 345.9 406.9
3571__1__896___56 0.852436423302 815.8 628.3 815.1 682.7 655.0 676.2 655.8 621.7
4581__1__896___56 0.562537968159 497.1 429.5 497.1 464.3 426.0 464.3 426.0 429.5
4594__1__896___56 0.781831085682 553.1 432.9 553.1 473.4 450.4 473.4 450.4 432.9
3151__1__0___56 0.851563334465 402.2 320.7 402.2 356.9 317.4 356.9 317.4 320.7
4897__1__896___56 0.645103752613 341.2 658.7 341.2 690.4 288.3 690.4 288.3 658.7
5176__1__896___0 0.819481551647 860.7 758.8 860.7 805.0 752.2 805.0 752.2 758.8
5137__1__896___56 0.894284248352 1021.8 708.6 1021.8 754.4 916.5 754.4 916.5 708.6
5137__1__896___56 0.666694700718 246.6 1001.1 234.3 1026.8 204.5 1011.8 216.8 986.1
3163__1__0___0 0.862646937370 430.9 376.8 430.9 419.9 343.8 419.9 343.8 376.8
3768__1__896___0 0.886926651001 755.1 487.9 755.1 545.5 607.6 545.5 607.6 487.9
3768__1__896___0 0.738166093826 674.2 657.8 666.8 693.0 606.3 680.2 613.7 645.0
3732__1__896___0 0.949708044529 577.0 478.6 575.2 532.9 431.9 526.5 433.7 472.2
3732__1__896___0 0.869910717010 98.8 633.7 92.7 693.9 -6.3 681.9 -0.1 621.8
5314__1__896___56 0.775466501713 436.1 728.1 436.1 804.9 342.8 804.9 342.8 728.1
4592__1__896___56 0.563565015793 541.8 431.8 541.8 474.8 448.9 474.8 448.9 431.8
4578__1__896___0 0.156424984336 490.0 484.4 490.0 515.0 434.5 515.0 434.5 484.4
3164__1__0___0 0.858579456806 434.3 381.8 433.6 421.2 345.8 415.9 346.4 376.5
4899__1__896___56 0.818276226521 334.2 657.3 334.2 687.7 280.6 687.7 280.6 657.3
5182__1__896___0 0.859338581562 836.4 758.2 836.4 801.4 729.3 801.4 729.3 758.2
3666__1__896___56 0.968905985355 396.2 600.7 394.2 654.5 243.3 647.7 245.3 593.8
3666__1__896___56 0.899760246277 274.9 394.0 272.4 450.5 127.1 443.2 129.6 386.6
3154__1__0___0 0.766045033932 411.4 377.1 411.4 415.9 323.0 415.9 323.0 377.1
4894__1__896___0 0.751251220703 352.6 715.4 352.6 745.9 299.2 745.9 299.2 715.4
5265__1__896___56 0.892079293728 557.3 746.2 455.6 754.1 452.0 704.4 553.7 696.6
3718__1__896___56 0.955884575844 512.4 417.2 510.6 470.7 369.0 463.7 370.8 410.3
3718__1__896___56 0.865622103214 160.5 582.0 157.4 640.5 2.4 631.2 5.4 572.7
5265__1__896___0 0.761050343513 557.0 802.5 455.0 811.0 451.2 761.1 553.2 752.5
4582__1__896___0 0.481200844049 503.0 485.7 503.0 520.1 422.8 520.1 422.8 485.7
3681__1__896___56 0.891069054604 342.9 401.0 341.5 456.3 198.6 449.3 200.0 394.0
3681__1__896___56 0.833581984043 328.5 594.2 328.3 649.1 172.5 643.8 172.7 588.9
3655__1__896___56 0.961693167686 225.4 391.0 223.2 447.2 75.6 439.4 77.8 383.1
3655__1__896___56 0.901469588280 444.0 604.0 445.3 654.9 289.4 648.1 288.1 597.2
3724__1__896___56 0.951419651508 541.0 419.2 539.6 473.1 394.3 465.2 395.7 411.3
3724__1__896___56 0.858304679394 134.8 581.4 132.5 637.5 -2.7 628.3 -0.4 572.2
1854__1__896___56 0.842727303505 217.0 584.1 217.0 629.0 125.2 629.0 125.2 584.1
3188__1__0___56 0.871740937233 498.0 333.1 495.0 372.5 410.8 364.4 413.8 325.1
6048__1__0___0 0.654172778130 223.3 620.5 220.3 658.5 141.4 650.2 144.4 612.1
3735__1__896___0 0.898428618908 592.1 474.7 592.1 533.2 447.5 533.2 447.5 474.7
3735__1__896___0 0.773534238338 85.5 635.5 79.8 691.5 -6.3 680.4 -0.5 624.4
5671__1__896___0 0.735861897469 959.3 757.6 957.1 795.8 871.1 790.8 873.4 752.5
3716__1__896___56 0.950463235378 170.2 582.9 167.7 639.7 10.9 631.5 13.4 574.7
3716__1__896___56 0.863903820515 501.9 416.8 499.0 470.1 358.6 462.0 361.5 408.7
3584__1__896___0 0.931524991989 763.3 680.1 764.0 734.1 600.4 729.0 599.6 674.9
3685__1__896___0 0.953379631042 361.8 459.3 359.2 514.5 214.7 506.1 217.4 451.0
3685__1__896___0 0.938324511051 311.0 645.1 311.0 703.4 154.1 703.4 154.1 645.1
3674__1__896___0 0.936894774437 359.1 653.6 357.0 707.7 204.5 700.5 206.6 646.4
3674__1__896___0 0.810271024704 311.7 454.6 310.5 510.0 165.2 501.3 166.4 445.8
6080__1__0___0 0.822946012020 72.4 601.8 68.9 636.9 0.0 630.4 3.5 595.3
3189__1__0___56 0.813059628010 501.2 333.0 498.1 372.6 413.1 365.1 416.2 325.5
3601__1__896___56 0.942309498787 687.4 619.3 687.1 673.0 528.6 668.2 528.9 614.6
4886__1__896___0 0.628218293190 386.6 716.6 386.6 749.2 329.6 749.2 329.6 716.6
6322__1__896___56 0.105106294155 428.0 616.5 425.9 649.1 358.5 646.1 360.5 613.4
3190__1__0___0 0.443021744490 502.1 388.9 497.7 427.7 415.6 419.6 420.0 380.8
6085__1__0___56 0.536050260067 46.3 539.7 46.3 576.4 0.3 576.4 0.3 539.7
1836__1__896___56 0.922084331512 331.7 592.1 331.7 638.9 233.7 638.9 233.7 592.1
1836__1__896___56 0.155754223466 46.3 602.4 43.0 638.8 -1.9 635.6 1.3 599.2
4595__1__896___0 0.701074719429 555.3 490.4 555.3 527.9 460.4 527.9 460.4 490.4
1840__1__896___0 0.851456642151 304.6 646.5 304.6 691.2 208.3 691.2 208.3 646.5
662__1__896___0 0.104760065675 224.3 999.2 224.3 1024.5 190.1 1024.5 190.1 999.2
3030__1__0___0 0.875083208084 167.8 356.5 166.1 396.5 78.1 388.7 79.7 348.7
3657__1__896___56 0.898173213005 236.4 391.5 235.6 447.0 88.9 439.5 89.8 384.0
3657__1__896___56 0.894793927670 434.1 603.0 434.3 654.7 282.2 648.2 282.0 596.4
5258__1__896___56 0.927511096001 575.3 744.2 473.3 748.5 471.8 700.7 573.7 696.3
6022__1__0___0 0.469067662954 344.9 636.4 340.5 674.8 264.5 665.0 269.0 626.6
5284__1__896___0 0.900825321674 506.9 760.8 506.9 822.5 407.0 822.5 407.0 760.8
3154__1__0___56 0.840287029743 411.7 321.9 411.7 359.4 322.5 359.4 322.5 321.9
3576__1__896___56 0.923081755638 794.4 626.5 793.9 681.3 632.3 675.4 632.9 620.6
3661__1__896___56 0.950871229172 417.9 601.9 417.3 654.1 263.5 647.8 264.2 595.6
3661__1__896___56 0.878398299217 251.3 392.7 249.6 449.1 101.3 441.5 103.0 385.1
4580__1__896___56 0.397933632135 495.9 429.0 495.9 462.1 428.1 462.1 428.1 429.0
5131__1__896___0 0.307775795460 1024.3 766.5 1024.3 810.7 944.8 810.7 944.8 766.5
5275__1__896___0 0.842221796513 531.2 806.9 432.0 817.8 425.2 764.9 524.4 754.0
3756__1__896___0 0.876261770725 695.1 483.4 695.1 539.7 547.0 539.7 547.0 483.4
3756__1__896___0 0.671273112297 689.1 662.0 683.3 694.1 625.9 684.4 631.7 652.3
1841__1__896___56 0.798784971237 299.6 590.3 299.6 636.7 202.3 636.7 202.3 590.3
3593__1__896___56 0.896799921989 720.8 616.2 720.8 673.1 561.6 673.1 561.6 616.2
3162__1__0___56 0.890062510967 429.7 321.5 429.7 362.4 342.2 362.4 342.2 321.5
3742__1__896___56 0.871945619583 624.1 422.1 624.1 478.7 483.2 478.7 483.2 422.1
3742__1__896___56 0.808447539806 51.6 573.2 45.2 634.7 -5.2 627.9 1.1 566.4
3742__1__896___56 0.121142268181 713.6 606.1 713.6 639.4 653.5 639.4 653.5 606.1
4665__1__896___0 0.195452407002 854.8 523.8 854.8 555.6 784.6 555.6 784.6 523.8
5263__1__896___56 0.945682883263 561.9 746.1 461.2 752.1 458.4 701.9 559.1 695.9
3677__1__896___56 0.932122647762 327.1 399.9 324.9 456.0 179.1 447.1 181.3 391.1
3677__1__896___56 0.800481021404 345.6 597.2 343.3 650.9 191.2 643.6 193.5 589.9
6058__1__0___0 0.116249464452 174.5 613.8 170.8 651.0 96.3 642.7 100.0 605.5
6077__1__0___0 0.425354689360 84.8 601.8 79.3 642.5 -0.3 631.9 5.3 591.2
3222__1__0___0 0.814756691456 593.6 396.3 592.5 434.0 509.2 428.6 510.3 391.0
3222__1__0___0 0.218674853444 939.5 680.2 939.5 711.0 883.5 711.0 883.5 680.2
3153__1__0___56 0.788035929203 408.0 321.5 408.0 358.3 322.8 358.3 322.8 321.5
4658__1__896___56 0.120472155511 825.0 465.6 825.0 494.1 762.5 494.1 762.5 465.6
5666__1__896___56 0.709475398064 981.6 700.2 981.6 739.9 892.8 739.9 892.8 700.2
3617__1__896___0 0.882070064545 615.6 666.7 615.6 722.5 458.3 722.5 458.3 666.7
3617__1__896___0 0.854482710361 66.1 433.3 66.1 487.0 -2.9 487.0 -2.9 433.3
4581__1__896___0 0.496960043907 498.6 484.7 498.6 519.8 426.1 519.8 426.1 484.7
6044__1__0___0 0.736015856266 241.9 623.2 236.8 662.8 160.9 652.1 166.0 612.5
3689__1__896___0 0.930921196938 288.2 643.9 288.2 700.6 138.5 700.6 138.5 643.9
3689__1__896___0 0.857151269913 378.7 460.9 376.4 517.2 231.7 508.2 234.1 451.9
5322__1__896___0 0.813355743885 418.5 795.5 418.5 873.1 326.3 873.1 326.3 795.5
6084__1__0___56 0.569254577160 51.5 539.4 51.5 577.2 -0.6 577.2 -0.6 539.4
5253__1__896___56 0.874788880348 589.0 696.3 589.0 747.4 486.7 747.4 486.7 696.3
5660__1__896___0 0.295495450497 1008.4 761.8 1006.3 799.4 920.0 793.2 922.0 755.6
3724__1__896___0 0.869964122772 539.8 475.3 538.2 529.8 393.6 522.6 395.2 468.1
3724__1__896___0 0.822709858418 133.6 638.4 129.6 694.6 -1.9 684.5 2.1 628.4
5342__1__896___56 0.682943940163 382.4 769.4 382.4 857.5 295.7 857.5 295.7 769.4
6020__1__0___0 0.872598588467 353.6 636.8 349.6 675.2 273.2 666.0 277.2 627.5
3175__1__0___56 0.773421049118 460.2 329.6 457.8 367.9 374.1 361.0 376.4 322.8
6055__1__0___0 0.525018036366 189.9 616.2 185.7 654.7 109.5 645.4 113.7 606.8
3205__1__0___0 0.889326691628 543.5 393.2 540.4 430.7 459.1 423.6 462.1 386.1
3205__1__0___0 0.177131935954 995.3 684.5 995.3 714.4 941.1 714.4 941.1 684.5
3610__1__896___0 0.946784555912 645.1 668.2 645.1 724.0 490.3 724.0 490.3 668.2
3610__1__896___0 0.774150133133 37.6 430.4 37.6 484.7 0.6 484.7 0.6 430.4
4576__1__896___0 0.168762102723 472.1 482.6 472.1 520.0 397.9 520.0 397.9 482.6
3608__1__896___56 0.953091800213 654.6 612.6 654.6 669.6 496.9 669.6 496.9 612.6
3608__1__896___56 0.864076375961 31.9 371.9 31.9 427.3 -1.4 427.3 -1.4 371.9
3570__1__896___56 0.908585250378 818.8 627.6 819.2 682.9 658.1 677.5 657.7 622.2
5176__1__896___56 0.880183458328 860.4 702.4 860.4 748.6 753.1 748.6 753.1 702.4
3619__1__896___56 0.956496238708 608.4 608.8 608.4 666.3 448.2 666.3 448.2 608.8
3619__1__896___56 0.702471733093 75.2 373.5 75.2 432.8 -6.2 432.8 -6.2 373.5
3157__1__0___0 0.359013080597 418.5 377.6 418.5 418.5 332.2 418.5 332.2 377.6
4889__1__896___0 0.540246427059 374.5 714.9 374.5 748.3 317.6 748.3 317.6 714.9
5303__1__896___0 0.907151520252 463.8 838.2 367.8 849.5 358.6 781.9 454.6 770.6
3160__1__0___56 0.555626869202 425.8 321.2 425.8 362.3 337.2 362.3 337.2 321.2
3180__1__0___56 0.850105464458 474.1 332.6 470.8 370.0 391.2 362.6 394.5 325.2
2392__1__0___0 0.121276326478 24.6 380.8 24.6 422.3 -3.6 422.3 -3.6 380.8
3711__1__896___56 0.943364977837 192.4 584.9 190.9 640.6 33.2 633.3 34.7 577.6
3711__1__896___56 0.893053710461 479.5 414.9 477.8 467.6 337.0 459.5 338.7 406.8
3652__1__896___0 0.966848552227 214.2 445.9 212.2 501.3 62.6 493.7 64.6 438.4
3652__1__896___0 0.951859235764 457.6 655.1 457.6 711.5 303.0 711.5 303.0 655.1
3604__1__896___56 0.943623185158 672.6 619.7 673.4 671.4 517.4 666.7 516.6 614.9
3604__1__896___56 0.646819829941 18.3 378.0 13.5 421.9 -4.9 419.2 -0.1 375.3
3182__1__0___56 0.709643781185 481.2 332.5 478.1 370.5 394.4 363.6 397.5 325.5
1868__1__896___0 0.765490472317 130.4 630.6 130.4 676.4 39.4 676.4 39.4 630.6
5279__1__896___0 0.835871875286 520.7 814.1 420.5 820.7 415.9 762.8 516.1 756.2
3742__1__896___0 0.845365822315 623.0 476.5 623.0 535.6 480.0 535.6 480.0 476.5
3742__1__896___0 0.817321538925 52.6 628.4 45.8 691.0 -5.5 684.0 1.3 621.3
3028__1__0___0 0.872584283352 162.6 355.3 161.0 395.3 72.7 387.9 74.3 348.0
4579__1__896___0 0.438647925854 492.8 483.7 492.8 516.2 432.1 516.2 432.1 483.7
3675__1__896___0 0.956178009510 356.2 651.9 355.0 706.5 200.2 700.1 201.4 645.4
3675__1__896___0 0.860175251961 317.1 455.1 315.6 509.5 173.0 502.5 174.6 448.1
5261__1__896___0 0.928269267082 567.3 801.0 466.6 806.8 463.3 758.1 564.0 752.4
5181__1__896___56 0.785252034664 841.1 701.9 841.1 747.9 734.3 747.9 734.3 701.9
5311__1__896___56 0.910476624966 443.4 726.5 443.4 801.8 348.1 801.8 348.1 726.5
3700__1__896___56 0.863770365715 242.4 583.6 242.4 641.6 85.2 641.6 85.2 583.6
3700__1__896___56 0.862583994865 428.6 409.5 426.2 463.6 284.2 456.0 286.6 401.9
229__1__896___0 0.770739614964 900.6 785.7 900.6 824.6 800.4 824.6 800.4 785.7
3727__1__896___56 0.937174558640 555.7 420.1 553.7 474.5 407.8 466.9 409.8 412.5
3727__1__896___56 0.911364793777 121.0 579.9 115.7 637.7 -4.4 627.4 0.8 569.7
1837__1__896___0 0.789411723614 324.9 648.1 324.9 693.6 227.9 693.6 227.9 648.1
