6430__1__896___56 0.593311727047 195.8 269.9 181.5 279.3 171.5 261.7 185.8 252.2
2490__1__896___0 0.720671057701 197.3 310.5 191.1 326.8 167.3 318.6 173.5 302.3
2648__1__896___56 0.904126048088 193.6 248.0 193.6 268.0 166.5 268.0 166.5 248.0
2647__1__896___56 0.905184090137 193.5 247.4 193.5 268.5 165.9 268.5 165.9 247.4
262__1__896___56 0.682137429714 203.8 239.3 203.8 257.3 176.4 257.3 176.4 239.3
6413__1__896___56 0.511483848095 196.3 263.0 185.4 277.6 166.7 266.1 177.5 251.5
4346__1__896___0 0.859141707420 193.4 312.0 186.8 328.1 163.8 317.9 170.4 301.8
4899__1__896___0 0.833061695099 194.7 308.2 187.7 326.3 163.7 316.7 170.7 298.5
126__1__896___56 0.702280938625 204.6 239.4 204.6 259.9 177.5 259.9 177.5 239.4
5315__1__896___0 0.641732931137 189.5 312.3 184.0 327.1 162.8 319.6 168.3 304.9
2468__1__896___56 0.789161860943 196.4 255.6 189.5 272.2 167.3 263.1 174.2 246.5
191__1__896___0 0.695159375668 204.3 294.2 204.3 314.2 178.6 314.2 178.6 294.2
458__1__896___0 0.629201412201 203.6 294.8 203.6 313.9 177.0 313.9 177.0 294.8
208__1__896___0 0.880272984505 204.1 294.5 204.1 315.0 176.6 315.0 176.6 294.5
2724__1__896___0 0.943126022816 194.2 310.4 189.2 325.7 165.0 317.2 169.9 301.9
289__1__896___56 0.642773807049 204.6 244.3 200.7 260.2 176.3 253.9 180.3 238.0
289__1__896___56 0.170300707221 26.8 1013.5 8.7 1017.1 1.0 985.4 19.0 981.7
4524__1__896___56 0.866724431515 194.9 255.5 186.0 271.3 165.4 259.8 174.3 244.0
2895__1__0___0 0.155658498406 438.3 363.4 438.3 379.6 404.1 379.6 404.1 363.4
6400__1__896___0 0.771542429924 195.8 317.4 187.6 334.2 165.6 323.7 173.8 306.9
6338__1__896___0 0.280292361975 196.2 323.9 181.1 334.0 170.8 317.5 186.0 307.5
4410__1__896___0 0.890798926353 193.9 308.7 187.4 327.2 164.9 318.1 171.5 299.6
2783__1__896___56 0.907996594906 193.2 249.6 193.2 268.9 166.0 268.9 166.0 249.6
6045__1__896___0 0.170826241374 196.9 319.9 187.2 333.4 171.4 321.3 181.2 307.9
6243__1__0___56 0.212560355663 670.3 38.0 670.3 61.1 655.8 61.1 655.8 38.0
2603__1__896___0 0.761259555817 196.4 309.3 191.8 326.6 166.1 318.7 170.8 301.4
2490__1__896___56 0.712977230549 196.5 254.5 189.2 270.6 167.3 262.3 174.6 246.3
1899__1__896___56 0.784029245377 201.3 252.8 195.4 269.1 172.2 261.5 178.2 245.2
2802__1__896___0 0.867214739323 192.3 306.1 192.3 322.8 166.0 322.8 166.0 306.1
6258__1__896___56 0.258384287357 192.1 261.0 180.4 273.4 165.7 262.1 177.4 249.7
288__1__896___0 0.802021443844 205.3 299.7 201.1 317.0 176.6 310.3 180.8 293.0
196__1__896___56 0.567569255829 204.3 239.0 204.3 257.6 178.0 257.6 178.0 239.0
1851__1__896___0 0.862116932869 200.0 301.5 200.0 324.8 171.6 324.8 171.6 301.5
6239__1__896___0 0.382687628269 191.9 316.8 180.9 329.8 165.8 319.5 176.7 306.5
2656__1__896___0 0.880041062832 191.9 304.9 191.9 321.2 167.6 321.2 167.6 304.9
6391__1__896___56 0.738483428955 195.4 262.8 185.1 277.9 165.4 266.2 175.7 251.1
186__1__896___0 0.710162997246 203.7 294.6 203.7 313.7 178.2 313.7 178.2 294.6
2489__1__896___0 0.741093099117 197.4 310.5 191.3 326.8 167.5 318.6 173.6 302.3
6470__1__896___56 0.680172443390 196.2 262.8 185.2 278.9 164.1 265.9 175.2 249.8
2704__1__896___56 0.814043521881 194.2 253.1 188.9 269.6 165.0 261.8 170.3 245.3
461__1__896___56 0.663024365902 204.7 237.6 204.7 256.9 176.7 256.9 176.7 237.6
514__1__896___0 0.683948099613 206.3 306.2 195.6 318.1 179.8 308.2 190.5 296.3
1835__1__896___56 0.176376923919 201.5 255.3 189.8 269.0 173.5 259.9 185.2 246.3
5277__1__896___0 0.565774917603 191.4 311.5 184.8 327.3 162.7 318.6 169.3 302.9
544__1__896___56 0.657466650009 206.9 250.2 197.5 264.7 178.9 253.5 188.3 239.0
5636__1__896___0 0.530287981033 198.0 321.0 187.6 334.0 171.3 319.5 181.7 306.6
6341__1__896___56 0.300672262907 194.8 262.6 182.0 277.2 165.6 265.5 178.4 250.9
1864__1__896___56 0.845927178860 202.2 254.6 194.5 271.3 171.6 260.6 179.3 243.9
607__1__896___56 0.830196022987 205.1 248.2 198.1 263.4 175.3 254.6 182.3 239.4
2781__1__896___0 0.900065600872 192.2 305.7 192.2 322.7 166.0 322.7 166.0 305.7
508__1__896___0 0.906410098076 204.6 297.8 204.6 315.2 178.4 315.2 178.4 297.8
6265__1__896___0 0.471578747034 193.5 317.1 182.1 330.5 165.4 319.2 176.8 305.8
2766__1__896___56 0.758944690228 195.7 256.2 189.5 272.1 165.3 262.4 171.5 246.5
5274__1__896___0 0.591824948788 191.2 311.8 184.5 327.5 162.6 318.5 169.3 302.7
453__1__896___56 0.808931529522 203.7 246.8 190.2 257.5 175.5 247.8 188.9 237.1
5332__1__896___0 0.633054971695 190.1 312.7 184.0 327.9 163.7 320.0 169.8 304.7
5249__1__896___0 0.795148611069 190.8 311.4 184.3 327.9 161.8 319.3 168.3 302.7
5249__1__896___0 0.138261809945 43.6 588.2 43.6 616.3 21.6 616.3 21.6 588.2
6281__1__896___56 0.838564097881 190.5 250.3 190.5 272.6 164.3 272.6 164.3 250.3
618__1__896___56 0.792684972286 205.0 248.4 197.6 262.8 176.1 254.1 183.5 239.7
649__1__896___0 0.521530091763 207.6 310.3 195.8 323.9 178.6 310.6 190.4 296.9
183__1__896___0 0.774996936321 204.2 295.2 204.2 313.8 178.1 313.8 178.1 295.2
4464__1__896___0 0.905857205391 194.9 309.2 188.7 326.7 165.5 317.5 171.7 300.0
5631__1__896___0 0.539225876331 197.6 320.9 186.3 333.9 171.1 320.0 182.3 306.9
2495__1__896___56 0.662859976292 197.0 255.4 189.4 272.0 167.1 262.7 174.7 246.2
6367__1__896___0 0.614334106445 197.0 324.8 182.4 336.2 169.9 318.8 184.4 307.3
328__1__0___0 0.102399051189 881.2 967.0 864.2 970.4 857.2 938.9 874.2 935.6
270__1__896___0 0.735990524292 203.1 295.1 203.1 313.9 176.6 313.9 176.6 295.1
2529__1__896___0 0.847267746925 196.9 310.8 190.4 326.4 167.8 317.7 174.3 302.1
4755__1__896___0 0.910741150379 193.7 308.6 187.1 325.7 163.4 315.3 170.0 298.1
6272__1__896___0 0.522149384022 190.8 316.2 180.4 329.0 164.2 318.8 174.5 306.0
617__1__896___56 0.809918224812 204.8 248.3 197.4 262.8 175.3 254.1 182.6 239.6
4772__1__896___56 0.721036612988 193.7 253.1 185.5 270.4 162.7 260.1 170.9 242.7
6192__1__896___56 0.599003851414 192.3 260.7 180.2 275.0 163.6 262.9 175.7 248.6
2763__1__896___0 0.657185614109 195.5 311.5 189.5 326.7 165.3 317.6 171.4 302.4
4860__1__896___56 0.764799594879 195.2 254.6 184.9 271.8 164.5 260.6 174.8 243.4
4460__1__896___0 0.898838579655 194.4 301.9 194.4 324.8 166.6 324.8 166.6 301.9
6240__1__0___56 0.203833103180 673.4 40.6 673.4 61.4 656.8 61.4 656.8 40.6
99__1__896___0 0.801749944687 203.5 294.5 203.5 314.2 175.9 314.2 175.9 294.5
99__1__896___0 0.164769545197 114.2 531.5 114.2 562.5 94.9 562.5 94.9 531.5
2576__1__896___0 0.596688628197 197.0 311.0 189.7 327.8 166.7 318.2 174.1 301.4
554__1__896___56 0.501426100731 201.1 239.6 201.1 257.6 174.6 257.6 174.6 239.6
1845__1__896___56 0.828859627247 200.9 253.2 194.3 269.7 171.8 261.2 178.4 244.8
24__1__896___0 0.766076326370 205.5 306.2 193.3 316.9 177.9 306.1 190.1 295.3
4519__1__896___0 0.857515513897 194.5 310.8 187.2 327.3 165.3 315.8 172.7 299.3
6270__1__896___56 0.737220942974 190.8 259.3 182.6 272.6 163.7 262.6 171.9 249.3
2524__1__896___56 0.880932450294 197.8 255.2 191.5 271.2 168.4 262.1 174.7 246.1
174__1__896___0 0.871108472347 203.9 295.9 203.9 314.0 177.6 314.0 177.6 295.9
2728__1__896___56 0.913747310638 194.1 253.5 188.7 270.2 164.0 261.8 169.5 245.1
4408__1__896___0 0.905892014503 194.0 309.1 187.0 327.5 163.8 317.7 170.8 299.3
138__1__896___0 0.876474320889 205.1 302.0 198.8 315.7 176.1 307.7 182.4 294.0
4575__1__896___56 0.863230407238 194.0 252.7 186.3 270.2 164.3 261.3 172.0 243.7
4362__1__896___0 0.820463001728 193.9 311.6 186.8 328.4 165.3 317.8 172.3 301.0
1863__1__896___0 0.815048992634 202.1 309.9 195.9 327.5 171.7 317.6 177.9 300.0
6346__1__896___0 0.386551916599 196.0 324.2 181.1 334.3 170.6 317.6 185.5 307.6
6361__1__896___0 0.621848285198 196.7 325.8 181.0 336.1 170.8 318.0 186.5 307.7
385__1__896___56 0.528042316437 205.8 244.6 200.4 261.6 174.7 253.7 180.1 236.7
385__1__896___56 0.147790402174 1020.1 722.8 1020.1 739.7 981.8 739.7 981.8 722.8
4461__1__896___0 0.915833413601 194.0 308.1 189.3 325.1 166.1 318.4 170.8 301.3
4518__1__896___56 0.854800760746 195.3 255.4 187.0 271.0 165.7 260.0 174.0 244.3
1858__1__896___0 0.920794487000 199.8 301.9 199.8 324.2 171.8 324.2 171.8 301.9
6241__1__896___56 0.122200489044 191.5 256.2 185.8 271.0 166.3 264.8 171.9 250.0
2528__1__896___0 0.872787535191 197.4 310.6 191.3 326.5 167.9 318.0 174.0 302.1
6436__1__896___56 0.615709006786 196.4 270.5 182.8 280.4 171.4 262.8 185.0 252.9
429__1__896___56 0.767560720444 204.4 243.2 199.4 260.0 174.5 252.9 179.6 236.1
120__1__896___56 0.585478246212 204.2 240.6 204.2 258.2 178.4 258.2 178.4 240.6
5251__1__896___0 0.778936207294 191.1 311.3 184.7 328.0 162.0 319.4 168.4 302.8
614__1__896___56 0.841719388962 204.8 248.0 197.7 262.8 175.2 254.3 182.3 239.5
5143__1__896___56 0.310621589422 192.2 253.7 185.1 269.3 162.7 259.6 169.8 244.0
5611__1__896___56 0.265145152807 197.4 265.7 186.3 278.3 172.1 264.7 183.2 252.1
79__1__896___0 0.746651113033 204.7 294.8 204.7 315.0 176.8 315.0 176.8 294.8
19__1__896___0 0.532568871975 205.8 295.9 205.8 314.6 177.6 314.6 177.6 295.9
2584__1__896___56 0.570242583752 196.6 254.9 189.1 271.9 167.3 262.6 174.9 245.5
2459__1__896___56 0.670419931412 195.5 252.5 191.9 270.3 166.1 263.8 169.6 246.0
625__1__896___56 0.719894230366 206.6 251.0 198.3 265.8 177.8 254.5 186.1 239.7
5310__1__896___56 0.656109929085 190.6 255.3 184.1 272.1 162.0 264.2 168.5 247.4
86__1__896___56 0.565034091473 204.2 238.5 204.2 258.3 175.8 258.3 175.8 238.5
2670__1__896___0 0.905444741249 193.0 304.6 193.0 322.4 167.3 322.4 167.3 304.6
31__1__896___56 0.813608109951 207.1 247.9 198.1 264.0 177.0 253.3 186.0 237.2
5650__1__896___0 0.468450576067 198.4 322.6 187.1 335.1 171.6 320.0 182.9 307.5
5333__1__896___56 0.795940220356 190.8 256.7 183.6 272.3 163.5 263.7 170.8 248.1
2800__1__896___0 0.882860898972 192.2 306.1 192.2 322.5 166.4 322.5 166.4 306.1
4405__1__896___56 0.857771575451 194.8 253.2 187.7 272.4 164.4 262.7 171.5 243.5
2529__1__896___56 0.841072380543 197.5 255.1 190.9 271.0 168.3 261.8 175.0 245.9
2549__1__896___0 0.785623788834 197.7 311.8 190.5 328.6 170.3 318.6 177.5 301.8
20__1__896___56 0.395604759455 205.3 240.6 205.3 259.6 178.1 259.6 178.1 240.6
18__1__896___0 0.547076106071 205.8 295.7 205.8 314.6 178.2 314.6 178.2 295.7
5604__1__896___0 0.274788260460 198.4 321.4 187.9 335.0 170.9 321.9 181.4 308.3
6295__1__896___56 0.638163566589 189.9 251.1 189.9 272.8 165.3 272.8 165.3 251.1
4889__1__896___56 0.763130486012 194.7 252.9 187.0 270.9 163.4 261.2 171.0 243.2
4673__1__896___0 0.887020349503 193.4 310.2 186.2 326.0 164.2 315.6 171.4 299.8
480__1__896___0 0.819507479668 206.2 301.6 200.5 318.4 176.4 310.1 182.1 293.3
2517__1__896___56 0.874960899353 197.8 255.6 191.9 271.3 168.7 261.8 174.6 246.1
2720__1__896___0 0.938293635845 194.9 310.6 189.7 325.9 165.1 317.2 170.2 301.8
4513__1__896___0 0.873777806759 194.8 310.8 187.8 327.1 165.3 315.9 172.3 299.6
6444__1__896___0 0.591797351837 196.6 323.9 183.0 336.0 169.3 319.0 182.9 306.8
422__1__896___0 0.754784643650 204.9 299.2 200.0 316.6 174.9 309.8 179.9 292.3
570__1__896___0 0.688404798508 201.6 296.8 201.6 315.6 174.0 315.6 174.0 296.8
104__1__896___56 0.546153485775 203.3 239.1 203.3 258.4 176.8 258.4 176.8 239.1
391__1__896___56 0.579372286797 204.7 238.7 204.7 259.6 175.4 259.6 175.4 238.7
602__1__896___0 0.867777585983 203.4 297.5 203.4 317.2 176.2 317.2 176.2 297.5
386__1__896___56 0.523515105247 205.9 244.6 200.5 261.2 174.9 253.1 180.4 236.5
386__1__896___56 0.146070599556 1018.7 722.2 1018.7 739.5 980.0 739.5 980.0 722.2
1917__1__896___0 0.914788126945 200.6 308.3 195.5 325.6 170.2 316.8 175.2 299.5
64__1__896___56 0.782646000385 206.9 248.3 196.7 263.1 176.6 252.9 186.8 238.1
2775__1__896___0 0.921754360199 193.1 311.8 183.8 324.5 165.6 316.8 174.9 304.2
398__1__896___56 0.853634476662 204.1 239.0 204.1 257.5 176.0 257.5 176.0 239.0
228__1__896___56 0.767078936100 205.6 245.7 197.2 262.1 175.2 252.9 183.6 236.6
87__1__896___56 0.624417781830 204.0 238.7 204.0 258.0 176.2 258.0 176.2 238.7
383__1__896___0 0.746231138706 205.5 299.5 202.0 317.1 174.8 309.9 178.3 292.3
4667__1__896___56 0.873181939125 193.8 253.2 187.6 269.6 164.5 260.9 170.7 244.5
6475__1__896___0 0.748230814934 196.0 317.1 186.8 334.1 164.8 322.6 174.1 305.5
542__1__896___0 0.677320122719 206.9 306.0 198.1 321.0 178.0 309.8 186.8 294.8
4660__1__896___56 0.878492474556 193.7 253.9 186.4 270.3 165.2 260.2 172.5 243.7
5666__1__896___0 0.168086022139 198.2 318.9 190.1 333.1 172.1 320.5 180.3 306.3
4676__1__896___0 0.885667920113 193.4 309.5 186.4 325.2 163.8 315.8 170.8 300.1
2654__1__896___56 0.876764953136 193.4 248.1 193.4 267.0 166.9 267.0 166.9 248.1
2926__1__0___0 0.185287058353 543.6 335.5 543.6 354.5 503.9 354.5 503.9 335.5
4754__1__896___0 0.889817714691 193.6 308.6 187.0 324.9 164.3 315.4 170.9 299.1
4771__1__896___56 0.699765205383 193.6 252.6 186.1 270.0 162.5 260.1 170.0 242.7
6437__1__896___0 0.492669165134 196.9 326.0 183.0 336.0 171.5 318.3 185.4 308.3
27__1__896___56 0.677270591259 206.3 247.4 198.1 263.1 177.7 254.0 185.9 238.3
189__1__896___56 0.690395295620 204.0 239.2 204.0 257.2 178.1 257.2 178.1 239.2
2710__1__896___0 0.911170184612 195.0 308.7 190.2 325.0 164.8 317.3 169.5 301.0
550__1__896___56 0.541460931301 203.2 240.5 203.2 260.7 177.5 260.7 177.5 240.5
2767__1__896___0 0.800854325294 194.9 312.1 187.4 326.6 165.8 317.5 173.2 303.0
2819__1__896___56 0.926634669304 193.8 256.0 188.6 271.3 164.5 264.0 169.7 248.7
1852__1__896___56 0.662948191166 200.1 246.5 200.1 267.0 172.9 267.0 172.9 246.5
4401__1__896___0 0.844638884068 194.4 309.7 188.0 327.9 165.0 318.4 171.4 300.2
2757__1__896___0 0.813174009323 194.4 311.5 187.7 327.3 164.4 318.1 171.1 302.3
2493__1__896___0 0.749471068382 197.7 311.1 190.9 328.0 167.3 319.0 174.0 302.1
581__1__896___56 0.843797028065 205.4 246.7 198.7 262.4 174.6 254.5 181.3 238.8
2984__1__0___0 0.160026267171 24.7 621.8 24.7 637.9 -0.7 637.9 -0.7 621.8
4400__1__896___56 0.877242803574 194.6 253.5 187.3 272.4 164.6 262.6 171.9 243.7
2521__1__896___56 0.893473386765 197.6 255.5 191.5 271.1 168.3 262.0 174.4 246.5
4371__1__896___56 0.826688230038 194.9 256.0 187.8 273.9 165.0 263.1 172.1 245.2
2609__1__896___0 0.729479372501 195.7 309.8 189.7 326.0 166.7 318.1 172.7 301.9
63__1__896___56 0.782001912594 206.8 247.6 197.7 263.3 176.5 253.3 185.5 237.6
518__1__896___56 0.669401407242 207.0 248.5 199.6 263.7 179.3 254.6 186.7 239.4
4465__1__896___0 0.877778768539 195.0 309.2 188.8 327.3 165.4 317.9 171.7 299.7
2620__1__896___0 0.868165016174 194.5 310.0 186.8 324.6 166.4 317.2 174.1 302.6
2520__1__896___0 0.875693678856 198.4 309.4 192.8 326.4 168.1 317.9 173.6 300.8
5559__1__896___0 0.508036255836 198.9 321.5 187.0 334.9 169.5 320.5 181.5 307.1
555__1__896___56 0.528519928455 201.3 240.0 201.3 257.8 174.6 257.8 174.6 240.0
2775__1__896___56 0.925034523010 193.7 255.8 187.0 269.3 165.6 261.6 172.3 248.1
4390__1__896___56 0.847674727440 195.2 254.1 186.8 272.3 164.6 261.7 172.9 243.5
439__1__896___56 0.800900161266 203.7 242.7 198.6 258.4 175.3 252.4 180.4 236.7
621__1__896___0 0.768505692482 204.5 305.6 197.0 319.6 176.4 309.8 183.9 295.8
2828__1__896___0 0.757531344891 193.9 312.6 187.6 326.8 164.4 319.5 170.7 305.3
2781__1__896___56 0.876482248306 193.4 250.0 193.4 268.3 166.3 268.3 166.3 250.0
6231__1__896___56 0.701265573502 190.6 250.4 190.6 271.7 164.7 271.7 164.7 250.4
102__1__896___56 0.564308464527 203.5 239.7 203.5 258.2 176.7 258.2 176.7 239.7
4424__1__896___56 0.627746582031 194.1 251.4 187.4 268.6 166.1 262.1 172.7 244.8
6335__1__896___56 0.390435039997 194.4 263.8 180.8 277.2 165.1 264.7 178.7 251.4
435__1__896___56 0.775358140469 204.3 242.8 198.7 259.2 174.6 252.8 180.1 236.4
4496__1__896___56 0.862762451172 195.8 255.1 186.4 271.7 165.4 259.9 174.8 243.3
2645__1__0___0 0.129582643509 167.0 615.6 167.0 633.5 120.2 633.5 120.2 615.6
1922__1__896___0 0.918695747852 199.5 307.9 194.2 325.0 170.1 316.4 175.4 299.3
5659__1__896___0 0.263098090887 198.1 318.9 189.9 333.2 172.3 320.5 180.5 306.2
156__1__896___56 0.749816238880 203.9 238.6 203.9 257.2 176.7 257.2 176.7 238.6
139__1__896___0 0.871219396591 204.9 302.4 198.0 315.8 176.1 307.5 183.0 294.1
2500__1__896___0 0.749166309834 198.0 310.8 191.2 327.5 167.8 318.8 174.5 302.1
2717__1__896___0 0.938568294048 195.0 310.0 189.6 325.9 164.9 317.0 170.3 301.1
1911__1__896___56 0.866358578205 201.3 252.9 194.7 270.5 170.9 261.7 177.5 244.1
2766__1__896___0 0.765317142010 195.2 312.2 187.6 326.5 165.5 317.0 173.1 302.7
6299__1__896___0 0.590896248817 193.2 319.4 181.3 332.6 165.2 319.1 177.2 306.0
5144__1__896___56 0.443052649498 192.3 254.0 185.1 269.7 162.5 259.9 169.7 244.2
484__1__896___0 0.823012053967 207.2 302.2 201.0 318.9 177.0 310.2 183.2 293.5
37__1__896___0 0.835891902447 207.0 305.3 197.5 320.6 176.9 308.4 186.5 293.1
560__1__896___56 0.433568894863 200.9 240.2 200.9 257.8 174.7 257.8 174.7 240.2
2599__1__896___56 0.694067418575 195.9 253.0 191.4 270.0 166.1 262.5 170.6 245.6
4344__1__896___56 0.909370779991 194.1 256.2 186.6 272.4 163.4 262.1 171.0 245.8
661__1__896___56 0.828767657280 205.1 247.5 198.3 264.0 174.8 254.5 181.6 237.9
3683__1__896___0 0.153493791819 1001.4 539.8 1001.4 556.0 963.4 556.0 963.4 539.8
5145__1__896___56 0.414420545101 192.1 254.0 184.5 269.5 162.5 259.7 170.1 244.2
6467__1__896___56 0.735405862331 196.0 263.2 185.0 278.9 164.3 265.6 175.3 249.8
443__1__896___56 0.872528374195 203.7 243.7 197.9 258.6 175.0 252.2 180.7 237.3
6353__1__896___56 0.496787816286 195.9 268.5 180.8 279.1 170.5 262.3 185.7 251.7
5306__1__896___0 0.563061892986 189.7 312.4 184.1 327.5 162.7 319.7 168.3 304.6
98__1__896___56 0.583429038525 203.0 239.0 203.0 258.0 176.6 258.0 176.6 239.0
5254__1__896___56 0.585535705090 191.1 255.0 183.9 272.0 162.0 263.8 169.2 246.8
267__1__896___0 0.784804105759 202.9 295.2 202.9 313.8 176.5 313.8 176.5 295.2
4363__1__896___56 0.802090883255 195.1 255.9 188.2 273.5 165.3 263.1 172.3 245.6
5610__1__896___0 0.348473966122 198.2 321.3 187.9 334.9 171.2 321.4 181.6 307.8
2480__1__896___0 0.822181999683 195.8 303.6 195.8 324.2 169.6 324.2 169.6 303.6
4506__1__896___0 0.828906953335 194.6 310.1 187.4 327.6 165.3 316.4 172.5 298.9
4819__1__896___0 0.695502460003 195.1 310.2 186.2 327.6 165.4 317.1 174.3 299.7
2806__1__896___0 0.889351248741 191.9 306.1 191.9 323.1 165.5 323.1 165.5 306.1
6421__1__896___0 0.583725988865 196.2 325.0 180.8 335.6 169.8 318.0 185.2 307.4
195__1__896___56 0.633359074593 203.7 239.0 203.7 257.0 177.8 257.0 177.8 239.0
5136__1__896___0 0.506735742092 191.2 309.9 184.6 324.3 162.7 315.5 169.2 301.1
2831__1__896___0 0.716874599457 194.0 312.5 187.2 327.0 164.8 319.4 171.6 304.9
509__1__896___0 0.920613765717 204.4 297.6 204.4 314.7 178.4 314.7 178.4 297.6
6262__1__896___56 0.652330935001 191.3 259.3 181.4 273.1 164.0 263.1 173.9 249.3
4900__1__896___56 0.768019974232 195.4 253.1 187.3 271.0 163.4 260.9 171.5 243.0
6039__1__896___56 0.109661214054 197.4 265.9 184.4 278.1 171.6 263.0 184.7 250.8
182__1__896___56 0.727850258350 204.3 239.9 204.3 257.3 177.1 257.3 177.1 239.9
4523__1__896___56 0.870480656624 195.0 255.6 186.2 271.4 165.4 259.8 174.2 244.0
5659__1__896___56 0.274077624083 198.1 263.4 188.4 277.2 171.9 264.4 181.5 250.5
6392__1__896___56 0.720367610455 195.5 262.4 185.3 277.7 165.6 266.4 175.8 251.1
6381__1__896___56 0.766974031925 195.6 262.2 186.2 278.0 165.4 267.0 174.7 251.2
556__1__896___0 0.679085493088 200.4 296.9 200.4 313.9 174.0 313.9 174.0 296.9
5130__1__896___56 0.142625272274 191.9 252.6 185.0 268.2 163.2 260.6 170.0 245.1
657__1__896___56 0.849705517292 205.2 248.2 197.5 264.6 174.8 254.2 182.4 237.8
4351__1__896___0 0.876047611237 193.4 312.2 185.8 328.1 164.4 317.4 172.0 301.5
2673__1__896___56 0.864315152168 192.9 248.0 192.9 266.7 166.8 266.7 166.8 248.0
5269__1__896___56 0.536936402321 191.3 255.7 184.4 271.7 162.5 263.4 169.4 247.4
4570__1__896___56 0.795998811722 194.1 252.6 186.3 270.4 163.9 260.9 171.6 243.1
395__1__0___0 0.629616260529 549.2 317.8 549.2 335.6 509.8 335.6 509.8 317.8
395__1__0___0 0.101474091411 487.0 340.3 487.0 356.1 452.4 356.1 452.4 340.3
6345__1__896___56 0.356122314930 194.3 262.0 182.4 277.3 165.0 266.1 176.8 250.8
5649__1__896___56 0.367591530085 198.0 266.4 185.8 278.7 172.0 263.7 184.2 251.4
2752__1__896___0 0.911919236183 194.1 311.5 187.2 326.9 164.0 317.7 170.9 302.4
6308__1__896___0 0.417804181576 196.7 323.9 183.2 335.0 170.0 319.2 183.5 308.1
2672__1__896___56 0.869052827358 192.7 248.0 192.7 266.7 167.0 266.7 167.0 248.0
382__1__896___56 0.449237376451 205.6 244.5 200.5 261.1 174.7 253.6 179.8 236.9
512__1__896___0 0.853324830532 204.8 297.3 204.8 315.0 179.9 315.0 179.9 297.3
412__1__896___0 0.804276764393 204.8 293.3 204.8 315.6 175.0 315.6 175.0 293.3
565__1__896___56 0.398344010115 200.9 239.8 200.9 257.8 174.2 257.8 174.2 239.8
107__1__896___56 0.555283010006 204.1 239.5 204.1 259.2 176.7 259.2 176.7 239.5
378__1__896___56 0.485243201256 205.3 244.6 200.1 261.2 174.7 253.5 179.9 236.9
2708__1__896___0 0.907930552959 195.2 309.1 189.9 325.6 165.1 317.4 170.4 300.9
155__1__896___0 0.773745834827 203.8 294.5 203.8 314.2 176.4 314.2 176.4 294.5
2704__1__896___0 0.872310221195 195.0 309.0 190.0 325.5 165.4 317.8 170.4 301.2
4484__1__896___56 0.828328669071 196.0 254.4 187.4 271.3 165.2 260.2 173.7 243.4
2554__1__896___56 0.829931914806 197.7 255.5 189.6 273.1 168.8 262.6 176.9 245.0
14__1__896___56 0.330210000277 205.8 240.4 205.8 259.5 177.6 259.5 177.6 240.4
632__1__896___56 0.359904587269 207.5 253.6 197.3 266.9 179.4 254.9 189.6 241.6
6412__1__896___0 0.799943864346 195.9 318.3 186.7 334.5 164.7 322.5 173.9 306.3
272__1__896___0 0.738178312778 203.0 294.9 203.0 313.5 176.3 313.5 176.3 294.9
143__1__896___56 0.744036197662 204.3 239.1 204.3 258.2 176.7 258.2 176.7 239.1
60__1__896___56 0.841129243374 207.1 247.0 199.3 263.5 176.4 253.8 184.3 237.3
4504__1__896___56 0.868931472301 195.2 255.0 186.4 271.4 165.3 260.1 174.1 243.6
5652__1__896___0 0.465397536755 197.9 323.1 186.3 335.0 171.6 319.6 183.2 307.7
6339__1__896___56 0.400134772062 190.9 260.2 182.1 274.6 164.9 264.5 173.7 250.1
6250__1__896___56 0.218444406986 190.7 258.3 181.1 270.7 166.5 262.9 176.1 250.5
6042__1__896___0 0.126526415348 197.3 319.4 187.4 333.1 171.0 321.2 180.9 307.5
4502__1__896___56 0.852628767490 195.4 254.8 186.0 271.4 165.5 260.1 174.9 243.4
6345__1__896___0 0.347008287907 195.9 323.7 180.7 334.5 170.3 318.3 185.4 307.5
631__1__896___0 0.476175159216 207.7 310.4 195.4 323.6 178.8 310.1 191.1 296.9
488__1__896___56 0.811354994774 206.4 246.3 199.4 263.4 176.5 254.0 183.6 236.9
4759__1__896___0 0.914916753769 193.6 308.5 187.2 325.8 163.7 316.3 170.1 299.0
2663__1__896___0 0.835086703300 192.7 305.8 192.7 321.2 167.8 321.2 167.8 305.8
6273__1__896___0 0.563774704933 190.8 307.0 190.8 327.7 165.1 327.7 165.1 307.0
5561__1__896___0 0.524583876133 198.5 321.9 186.8 335.1 169.7 320.4 181.5 307.2
4358__1__896___56 0.863713383675 194.4 255.7 187.2 272.8 165.1 262.5 172.2 245.4
486__1__896___0 0.835523903370 207.0 301.8 201.0 319.1 176.6 310.4 182.5 293.1
164__1__896___0 0.850481927395 204.4 301.7 197.1 315.2 176.3 307.2 183.6 293.7
4580__1__896___0 0.878503441811 193.2 308.5 186.7 325.5 164.0 317.0 170.4 300.0
2637__1__0___56 0.104839339852 192.2 561.4 192.2 577.6 164.6 577.6 164.6 561.4
6429__1__896___56 0.557851493359 195.7 269.8 180.9 278.9 171.7 261.6 186.5 252.5
152__1__896___56 0.731568753719 203.9 239.1 203.9 257.1 177.0 257.1 177.0 239.1
4382__1__896___0 0.858021736145 194.7 310.9 187.0 328.6 165.0 317.7 172.7 300.0
4514__1__896___0 0.863354504108 194.6 311.0 187.1 327.3 165.4 315.7 172.9 299.4
548__1__896___0 0.641481161118 204.0 295.7 204.0 317.2 176.9 317.2 176.9 295.7
4680__1__896___0 0.870395302773 193.4 310.1 185.8 325.7 164.2 315.6 171.8 300.0
4385__1__896___0 0.881009161472 194.8 310.3 187.3 328.6 164.6 318.0 172.1 299.6
2626__1__896___56 0.839699923992 194.2 247.2 194.2 268.9 166.8 268.9 166.8 247.2
4364__1__896___56 0.763400971889 195.2 256.1 188.1 273.7 165.5 263.5 172.6 245.9
2528__1__896___56 0.869502246380 198.2 254.9 192.3 271.0 168.8 262.1 174.7 245.9
5317__1__896___0 0.610270321369 189.0 312.2 183.7 326.7 162.5 319.2 167.8 304.8
2728__1__896___0 0.933925747871 194.0 309.9 189.4 325.8 164.3 317.7 168.9 301.9
57__1__896___0 0.851384997368 207.0 305.5 197.5 320.8 176.8 309.3 186.3 294.0
6261__1__896___0 0.308605611324 193.2 317.6 180.1 330.1 165.3 317.8 178.4 305.4
503__1__896___56 0.780987322330 205.1 240.5 205.1 259.4 178.1 259.4 178.1 240.5
6374__1__896___56 0.717173337936 195.7 262.6 185.6 278.1 165.7 266.5 175.8 251.0
5320__1__896___56 0.702698767185 189.6 255.1 183.2 270.9 161.4 264.0 167.8 248.3
154__1__896___56 0.783045530319 203.6 239.1 203.6 257.1 176.7 257.1 176.7 239.1
2461__1__896___56 0.666413307190 195.2 253.1 191.5 270.5 166.4 264.3 170.1 246.8
683__1__896___0 0.819599151611 204.0 302.7 198.3 318.7 175.1 310.5 180.8 294.6
424__1__896___0 0.776213824749 205.3 299.3 200.7 317.1 174.7 309.6 179.3 291.7
424__1__896___0 0.126365020871 226.1 961.1 226.1 993.9 207.2 993.9 207.2 961.1
6267__1__896___56 0.650886774063 191.3 259.4 182.7 273.3 163.5 262.7 172.1 248.8
5330__1__896___56 0.768178522587 189.0 249.6 189.0 270.0 163.5 270.0 163.5 249.6
687__1__896___0 0.837609767914 204.1 302.2 199.0 318.2 174.9 310.6 180.0 294.6
6383__1__896___0 0.815471768379 195.5 318.0 186.5 334.2 164.9 322.8 173.9 306.6
6382__1__896___56 0.739647626877 195.9 262.6 185.8 278.2 166.0 266.8 176.1 251.2
376__1__896___56 0.497752100229 205.6 244.5 200.0 261.3 174.5 253.5 180.1 236.6
4674__1__896___0 0.887369871140 193.6 309.7 186.7 325.6 164.0 315.8 171.0 299.9
6286__1__896___56 0.750917315483 190.6 250.5 190.6 272.9 164.9 272.9 164.9 250.5
2816__1__896___56 0.936905503273 193.0 256.3 187.4 269.8 165.0 263.1 170.7 249.6
229__1__0___56 0.336324185133 814.5 936.0 814.5 966.5 792.6 966.5 792.6 936.0
4333__1__896___0 0.806573271751 192.5 311.5 185.9 327.8 162.5 318.7 169.1 302.4
608__1__896___0 0.874907135963 204.5 303.5 198.4 319.2 174.8 310.4 180.9 294.7
5621__1__896___0 0.471005171537 198.0 321.6 186.7 334.2 171.7 320.1 183.0 307.5
377__1__896___56 0.490530818701 205.6 244.6 200.2 261.1 174.9 253.3 180.4 236.8
4353__1__896___0 0.870348691940 193.5 311.7 187.0 327.6 164.7 317.4 171.3 301.5
6261__1__896___56 0.512172520161 191.3 260.3 181.0 273.3 164.8 262.8 175.1 249.8
2793__1__896___56 0.891633749008 192.9 250.5 192.9 267.9 166.8 267.9 166.8 250.5
171__1__896___56 0.595100045204 203.7 239.9 203.7 258.4 177.2 258.4 177.2 239.9
4567__1__896___56 0.830235004425 194.7 252.4 187.3 270.5 164.3 261.3 171.7 243.3
4757__1__896___56 0.803130388260 193.9 252.9 187.6 269.2 164.1 260.1 170.5 243.8
2772__1__896___56 0.921028614044 194.2 255.9 187.9 271.1 165.0 262.3 171.2 247.1
2772__1__896___56 0.196934849024 236.1 884.4 236.1 918.5 216.9 918.5 216.9 884.4
4510__1__896___0 0.834246754646 194.7 310.5 187.4 327.4 165.4 316.0 172.8 299.1
2645__1__896___0 0.922848582268 193.0 303.9 193.0 323.8 166.0 323.8 166.0 303.9
2645__1__896___0 0.160499855876 1006.6 613.4 1006.6 628.5 968.6 628.5 968.6 613.4
2645__1__896___0 0.114329800010 377.6 835.4 355.1 838.3 353.4 817.8 375.8 814.9
2719__1__896___0 0.937793612480 195.0 310.0 190.0 326.0 164.8 317.3 169.8 301.3
2580__1__896___56 0.610784709454 195.9 253.1 191.1 270.8 166.0 263.1 170.8 245.4
396__1__0___0 0.543763101101 549.8 317.3 549.8 336.0 509.3 336.0 509.3 317.3
396__1__0___0 0.177241086960 490.7 340.0 490.7 356.0 455.4 356.0 455.4 340.0
2777__1__896___56 0.882628023624 193.7 255.3 187.3 269.5 165.7 262.0 172.1 247.9
6338__1__896___56 0.347654849291 191.5 259.5 183.4 274.4 165.1 265.1 173.3 250.2
669__1__896___56 0.765014410019 204.5 238.7 204.5 262.4 176.0 262.4 176.0 238.7
2467__1__896___0 0.791053056717 196.9 310.2 191.7 327.0 168.5 318.7 173.7 301.9
4764__1__896___56 0.709798932076 193.7 253.3 185.5 270.8 162.4 259.8 170.6 242.3
4330__1__896___56 0.884751737118 193.5 255.9 185.6 272.2 163.2 262.3 171.0 245.9
2749__1__896___0 0.909904420376 193.8 310.3 188.8 326.7 164.0 318.6 169.1 302.2
6443__1__896___0 0.633179724216 196.3 324.7 182.3 336.0 169.9 318.3 183.9 307.0
4557__1__896___56 0.852670311928 195.0 252.9 187.3 271.3 164.1 261.6 171.8 243.2
1837__1__896___56 0.238622233272 201.3 254.2 191.1 268.7 173.3 260.9 183.5 246.4
2471__1__896___0 0.801694333553 197.1 310.9 191.4 327.2 168.5 318.7 174.1 302.4
5341__1__896___56 0.853908717632 191.9 255.6 184.9 273.7 163.2 265.4 170.2 247.3
574__1__896___56 0.610963940620 203.3 246.2 198.0 260.8 175.8 253.9 181.1 239.3
1847__1__896___56 0.778024137020 200.9 254.2 192.6 269.6 172.2 260.6 180.5 245.2
4498__1__896___56 0.848221778870 195.5 255.0 186.5 271.3 165.8 260.2 174.8 243.9
572__1__896___56 0.456785947084 202.6 240.4 202.6 260.5 176.3 260.5 176.3 240.4
2717__1__896___56 0.885299324989 194.5 253.6 188.9 269.9 164.6 261.7 170.3 245.4
2755__1__896___0 0.780796408653 194.7 312.2 186.6 327.8 164.6 317.9 172.8 302.3
2498__1__896___0 0.684442698956 197.5 311.1 190.6 327.9 167.3 319.0 174.2 302.2
6424__1__896___0 0.633692443371 196.2 308.0 196.2 334.6 170.6 334.6 170.6 308.0
4500__1__896___0 0.842918932438 194.3 310.6 187.0 328.2 165.7 317.1 173.0 299.5
5181__1__896___0 0.853014290333 187.9 308.7 183.6 324.5 158.1 316.6 162.4 300.9
4701__1__896___56 0.681020736694 192.5 246.3 192.5 267.1 166.5 267.1 166.5 246.3
5271__1__896___56 0.555585741997 190.9 255.6 184.2 271.7 162.3 263.7 169.0 247.7
2611__1__896___0 0.830753982067 195.4 310.1 188.1 326.1 166.0 317.8 173.3 301.8
385__1__896___0 0.726941108704 205.7 299.5 201.8 317.2 174.8 310.0 178.7 292.4
553__1__896___0 0.692863941193 200.3 296.3 200.3 314.4 173.8 314.4 173.8 296.3
34__1__896___0 0.846002161503 207.0 305.4 197.1 320.4 176.6 308.3 186.4 293.3
483__1__0___56 0.248024404049 819.3 946.9 819.3 974.9 798.6 974.9 798.6 946.9
4770__1__896___56 0.748345017433 193.6 253.0 185.1 270.5 161.9 259.8 170.4 242.3
2726__1__896___0 0.937899231911 194.0 310.2 189.1 325.9 164.6 317.5 169.4 301.9
546__1__896___56 0.631108403206 205.2 251.7 192.0 263.1 178.2 250.9 191.4 239.5
223__1__896___56 0.716387510300 206.2 245.7 198.4 262.6 175.4 252.9 183.1 236.1
2469__1__896___0 0.806287288666 197.1 310.7 191.4 327.2 168.0 318.7 173.7 302.1
396__1__0___56 0.414857506752 549.5 262.1 549.5 279.6 509.1 279.6 509.1 262.1
1909__1__896___56 0.842153012753 201.3 251.7 196.2 269.4 171.2 262.2 176.3 244.5
1833__1__896___0 0.230027481914 200.5 310.8 189.8 323.6 172.8 314.6 183.5 301.8
5273__1__896___56 0.564564049244 190.8 255.5 183.8 271.5 162.3 263.2 169.2 247.2
490__1__0___56 0.153462022543 807.2 922.4 807.2 955.8 784.4 955.8 784.4 922.4
6318__1__896___0 0.232331901789 197.8 321.9 184.8 334.3 170.2 320.3 183.2 308.0
2817__1__896___56 0.927111327648 193.6 255.9 188.6 270.8 164.9 263.9 169.8 249.0
227__1__0___0 0.173851057887 818.5 998.4 818.5 1024.6 794.8 1024.6 794.8 998.4
103__1__896___0 0.850121855736 203.9 294.4 203.9 315.4 175.2 315.4 175.2 294.4
6310__1__896___56 0.207426622510 196.9 268.4 181.9 278.7 170.1 261.8 185.2 251.5
6450__1__896___0 0.639182269573 196.9 324.6 182.2 335.9 169.3 317.6 183.9 306.2
2938__1__0___0 0.115513540804 569.4 320.2 569.4 338.6 529.6 338.6 529.6 320.2
2765__1__896___56 0.672544658184 195.6 255.7 190.1 272.1 165.1 263.0 170.6 246.6
2492__1__896___56 0.699931681156 197.0 255.2 189.8 271.5 167.2 262.6 174.3 246.3
2718__1__896___0 0.931130528450 195.0 310.0 190.4 325.9 165.1 317.5 169.8 301.5
4428__1__896___56 0.677238464355 194.0 251.6 187.3 268.9 165.4 261.9 172.0 244.6
486__1__896___56 0.791194558144 206.5 246.6 199.0 263.5 176.3 253.8 183.9 236.8
5129__1__896___56 0.148649722338 191.8 252.7 185.3 267.9 163.3 260.6 169.9 245.4
5575__1__896___0 0.751070857048 195.6 316.7 187.6 333.2 165.4 322.0 173.4 305.5
5575__1__896___0 0.104070544243 303.2 789.8 303.2 803.7 266.2 803.7 266.2 789.8
401__1__896___0 0.792198479176 203.5 294.8 203.5 313.3 175.9 313.3 175.9 294.8
5619__1__896___0 0.458430498838 197.5 321.6 186.2 333.8 171.8 319.6 183.2 307.4
5619__1__896___0 0.146637633443 816.1 511.9 816.1 528.8 781.7 528.8 781.7 511.9
5332__1__896___56 0.802144706249 189.9 255.6 183.2 271.1 163.0 263.9 169.7 248.4
2788__1__896___56 0.892628371716 192.9 250.3 192.9 268.0 166.5 268.0 166.5 250.3
590__1__896___0 0.875150144100 205.0 302.9 199.4 318.0 175.6 311.4 181.2 296.4
454__1__896___0 0.676183283329 203.9 294.3 203.9 313.9 176.6 313.9 176.6 294.3
2723__1__896___0 0.936645269394 193.8 311.0 188.3 326.0 164.4 317.1 169.8 302.1
471__1__896___0 0.747589409351 205.6 304.2 194.8 316.7 177.3 307.1 188.1 294.6
2509__1__896___0 0.771291136742 198.2 310.7 192.3 326.9 167.7 318.3 173.7 302.1
2830__1__896___56 0.914684176445 194.2 257.0 187.6 271.7 164.4 263.5 171.0 248.8
4568__1__896___0 0.870303213596 193.8 308.6 187.6 327.3 163.9 317.7 170.1 299.0
2666__1__896___56 0.873063027859 192.5 249.2 192.5 266.1 167.7 266.1 167.7 249.2
6284__1__896___56 0.729610919952 190.4 261.8 179.9 274.0 164.8 262.8 175.4 250.6
6333__1__896___0 0.347522586584 194.4 319.8 181.6 333.5 165.7 320.5 178.5 306.8
1856__1__896___0 0.893022596836 199.8 302.7 199.8 323.1 172.6 323.1 172.6 302.7
643__1__896___0 0.493911445141 207.5 311.0 194.2 323.7 179.1 310.2 192.4 297.6
2465__1__896___56 0.721491098404 196.2 254.7 190.5 271.5 167.3 263.3 173.1 246.5
259__1__896___56 0.733243167400 203.2 239.3 203.2 257.1 176.3 257.1 176.3 239.3
6424__1__896___56 0.439544469118 195.6 270.1 179.0 279.0 171.3 260.6 187.9 251.8
2486__1__896___0 0.741775393486 196.0 310.2 189.9 325.2 168.6 318.1 174.7 303.2
5329__1__896___56 0.722490906715 188.7 249.7 188.7 269.8 163.3 269.8 163.3 249.7
69__1__896___0 0.803121209145 204.3 294.4 204.3 315.7 176.1 315.7 176.1 294.4
473__1__0___0 0.556709408760 439.6 378.4 439.6 392.9 402.0 392.9 402.0 378.4
4333__1__896___56 0.888958334923 194.0 256.2 186.6 272.4 163.9 262.6 171.2 246.4
2698__1__896___56 0.854942679405 194.3 253.2 189.0 269.4 165.0 261.7 170.3 245.5
2623__1__896___56 0.792550444603 193.5 248.0 193.5 267.4 167.5 267.4 167.5 248.0
4355__1__896___56 0.871656417847 194.6 255.9 187.5 272.5 165.0 262.0 172.1 245.4
394__1__896___56 0.732924222946 204.1 239.4 204.1 258.5 176.0 258.5 176.0 239.4
5269__1__896___0 0.640323877335 191.5 311.2 185.3 327.4 162.0 319.1 168.2 302.8
140__1__896___56 0.703355312347 204.2 239.1 204.2 258.5 176.8 258.5 176.8 239.1
230__1__896___0 0.900881826878 205.9 303.6 194.7 318.4 175.6 307.0 186.8 292.2
4449__1__896___0 0.933845281601 193.2 303.0 193.2 322.9 166.9 322.9 166.9 303.0
447__1__896___0 0.725778639317 203.6 294.3 203.6 314.1 174.8 314.1 174.8 294.3
1900__1__896___0 0.717469930649 201.9 308.1 197.0 326.2 172.6 318.7 177.5 300.6
2550__1__896___56 0.835628569126 198.2 256.2 189.4 272.9 169.8 261.5 178.7 244.7
2638__1__896___56 0.876217246056 193.8 247.6 193.8 268.7 166.3 268.7 166.3 247.6
2741__1__896___56 0.920347750187 194.2 254.7 188.7 270.5 164.7 262.0 170.2 246.2
139__1__896___56 0.587737679482 203.8 239.3 203.8 258.8 176.7 258.8 176.7 239.3
5184__1__896___0 0.833301901817 187.4 309.2 182.7 323.8 158.9 316.4 163.5 301.8
5638__1__896___56 0.376396894455 198.8 265.5 186.7 278.2 172.1 263.2 184.2 250.5
656__1__896___56 0.865682661533 205.3 247.9 198.3 264.5 174.7 254.6 181.6 238.0
2504__1__896___56 0.765817046165 197.2 255.2 189.4 271.5 167.7 262.4 175.4 246.1
4402__1__896___56 0.865329504013 194.9 253.2 188.0 272.1 164.9 262.8 171.7 243.9
4595__1__896___56 0.784345448017 192.8 245.6 192.8 268.1 165.5 268.1 165.5 245.6
2784__1__896___0 0.895871937275 192.3 306.1 192.3 322.5 166.5 322.5 166.5 306.1
407__1__896___56 0.846547305584 203.7 239.1 203.7 257.8 176.1 257.8 176.1 239.1
2758__1__896___0 0.745279014111 195.1 312.0 188.2 327.1 164.9 317.6 171.7 302.5
2625__1__896___56 0.833446085453 194.0 247.8 194.0 268.1 167.5 268.1 167.5 247.8
456__1__896___56 0.816205203533 204.4 237.0 204.4 257.7 175.9 257.7 175.9 237.0
6334__1__896___56 0.377020299435 194.4 264.1 180.3 277.1 165.2 264.0 179.3 251.0
4463__1__896___56 0.873543918133 195.4 252.8 188.3 270.3 165.4 261.4 172.5 243.9
23__1__896___0 0.667652130127 205.3 295.9 205.3 315.6 178.3 315.6 178.3 295.9
4404__1__896___56 0.878808557987 195.0 253.6 187.6 272.4 165.0 262.7 172.4 243.9
436__1__896___56 0.736490786076 203.9 242.3 198.7 258.7 174.6 252.8 179.8 236.4
390__1__896___0 0.819506168365 205.0 299.6 200.5 315.9 175.5 309.6 180.0 293.3
2786__1__896___56 0.889300227165 192.9 250.4 192.9 267.5 166.9 267.5 166.9 250.4
6440__1__896___56 0.650188267231 196.3 269.3 182.2 280.9 170.2 263.6 184.3 252.1
4443__1__896___56 0.750912964344 193.1 247.1 193.1 266.2 166.8 266.2 166.8 247.1
610__1__896___56 0.836132228374 205.1 248.0 198.1 263.2 175.1 254.2 182.0 239.0
6347__1__896___56 0.387843281031 191.6 260.4 182.3 275.0 165.0 264.7 174.3 250.1
2538__1__896___56 0.879591405392 198.7 256.4 189.6 272.6 168.6 260.7 177.6 244.5
4332__1__896___56 0.899582803249 193.8 256.3 186.4 272.6 163.8 262.6 171.2 246.3
5324__1__896___56 0.770091533661 188.7 250.0 188.7 269.2 163.3 269.2 163.3 250.0
6474__1__896___56 0.705572545528 196.3 263.1 185.0 279.1 164.1 265.8 175.4 249.8
6406__1__896___56 0.414654165506 196.8 262.7 186.1 277.8 166.5 266.4 177.2 251.3
132__1__896___56 0.634524226189 205.0 245.9 198.0 260.0 176.5 252.4 183.5 238.3
646__1__896___56 0.679638028145 206.9 252.5 197.7 266.6 178.4 254.6 187.6 240.5
1916__1__896___0 0.920072078705 200.5 307.7 195.9 325.4 169.9 316.9 174.5 299.2
1835__1__896___0 0.463489383459 200.5 310.3 191.7 324.5 172.4 315.6 181.2 301.4
18__1__896___56 0.297587811947 206.0 240.6 206.0 259.9 178.1 259.9 178.1 240.6
2821__1__896___56 0.943544387817 193.5 256.8 187.3 271.1 164.3 263.1 170.6 248.8
4674__1__896___56 0.843188226223 194.2 253.3 187.5 269.9 163.8 260.8 170.6 244.1
4340__1__896___56 0.893856406212 193.7 255.6 186.0 272.3 163.0 262.2 170.7 245.5
4897__1__896___0 0.836352407932 194.4 308.1 187.5 326.2 163.4 316.8 170.3 298.7
2664__1__896___56 0.856899201870 192.9 249.4 192.9 265.9 167.8 265.9 167.8 249.4
4523__1__896___0 0.862801730633 194.5 311.2 187.0 327.3 165.4 315.7 172.9 299.6
5638__1__896___0 0.526812791824 197.9 322.0 186.8 334.5 171.2 319.2 182.3 306.7
459__1__0___0 0.574145436287 389.2 370.6 389.2 387.3 353.8 387.3 353.8 370.6
2495__1__896___0 0.689954876900 197.6 310.7 191.0 327.5 167.3 318.9 173.9 302.2
4328__1__896___56 0.883051812649 193.1 255.7 185.9 272.1 163.0 262.4 170.1 246.0
6403__1__896___0 0.714498102665 195.9 317.4 187.6 333.7 165.4 323.0 173.7 306.7
6311__1__896___0 0.260013490915 197.5 321.9 185.2 334.1 169.5 320.3 181.7 308.1
5268__1__896___0 0.699762225151 191.3 311.4 184.7 327.6 162.5 319.1 169.0 302.9
199__1__896___56 0.685789525509 203.9 238.6 203.9 257.4 177.3 257.4 177.3 238.6
4346__1__896___56 0.916320383549 193.7 255.6 186.5 272.1 163.3 262.0 170.6 245.4
690__1__896___56 0.756935298443 203.9 247.3 196.7 262.2 175.1 253.6 182.4 238.7
6446__1__896___0 0.594694793224 196.4 324.1 182.3 335.8 169.1 317.9 183.3 306.1
6422__1__896___56 0.396430104971 196.4 269.0 179.8 278.0 171.2 260.2 187.9 251.2
2472__1__896___56 0.684928119183 195.9 254.7 189.8 271.2 167.6 263.3 173.7 246.8
2813__1__896___0 0.896826624870 192.8 311.4 187.3 325.6 164.5 319.7 170.0 305.5
6368__1__896___56 0.535169661045 196.6 263.4 185.5 278.5 166.4 266.3 177.5 251.2
2571__1__896___56 0.707191348076 196.8 255.5 189.1 272.7 167.0 262.4 174.7 245.2
2626__1__896___0 0.874206423759 194.2 310.6 186.2 325.2 166.0 317.4 174.0 302.8
2463__1__896___56 0.667351126671 195.2 253.2 191.2 270.6 166.3 264.0 170.3 246.6
2578__1__896___0 0.539890170097 197.0 310.9 189.7 328.1 166.7 318.8 174.1 301.6
5312__1__896___0 0.529841482639 190.2 313.0 182.9 327.9 163.0 319.5 170.3 304.6
651__1__896___56 0.814198315144 206.0 250.7 197.4 266.4 176.5 254.3 185.2 238.7
630__1__896___0 0.390035033226 207.6 309.9 195.2 323.2 179.1 310.4 191.5 297.0
2803__1__896___0 0.872961580753 192.4 306.2 192.4 322.7 165.9 322.7 165.9 306.2
5667__1__896___56 0.149999514222 198.6 263.3 189.2 277.8 172.2 265.0 181.5 250.5
602__1__896___56 0.833906888962 204.1 247.7 196.1 261.6 176.3 254.4 184.2 240.5
390__1__896___56 0.635564088821 204.7 244.9 200.6 260.1 175.6 253.1 179.7 237.9
580__1__896___0 0.820888757706 204.2 302.4 199.1 318.7 174.7 311.5 179.8 295.2
5574__1__896___56 0.514351963997 196.7 261.9 187.5 278.3 165.7 266.7 174.9 250.3
660__1__896___0 0.802130460739 205.2 304.1 198.9 320.7 175.4 310.6 181.7 293.9
4338__1__896___0 0.855082988739 192.4 311.3 185.8 328.0 162.5 318.8 169.1 302.1
2658__1__896___56 0.868531227112 192.8 249.0 192.8 266.0 167.7 266.0 167.7 249.0
500__1__896___56 0.809121787548 204.8 240.4 204.8 259.8 177.6 259.8 177.6 240.4
5307__1__896___0 0.576860368252 189.7 312.1 184.3 327.3 163.0 319.7 168.4 304.4
438__1__896___56 0.786058127880 203.8 242.5 198.5 258.3 175.1 252.4 180.3 236.6
4336__1__896___56 0.892719924450 193.7 255.7 186.5 272.1 163.5 262.6 170.7 246.1
463__1__896___56 0.674789667130 204.5 237.7 204.5 256.9 176.9 256.9 176.9 237.7
6469__1__896___56 0.678220868111 196.4 263.2 184.8 279.4 164.2 266.0 175.8 249.8
5810__1__896___56 0.265628159046 198.4 264.9 186.0 278.9 171.1 265.0 183.5 251.1
5302__1__896___56 0.422077298164 190.9 255.5 184.2 271.3 162.0 263.2 168.7 247.5
562__1__896___56 0.442301362753 200.5 239.9 200.5 257.6 174.5 257.6 174.5 239.9
4366__1__896___0 0.801268398762 194.6 312.8 186.6 329.6 165.9 317.6 173.8 300.8
6481__1__896___0 0.774628996849 196.3 317.9 185.6 334.1 164.8 321.1 175.5 304.8
70__1__896___0 0.821461975574 204.6 308.2 186.3 316.5 176.1 302.7 194.4 294.4
2685__1__896___56 0.895159065723 192.8 254.6 185.0 267.4 166.3 260.0 174.0 247.2
127__1__896___0 0.899638891220 205.5 301.1 200.0 317.1 175.9 309.3 181.4 293.3
6402__1__896___0 0.748393356800 196.1 317.9 187.3 334.2 165.4 323.2 174.2 306.8
5637__1__896___56 0.348309099674 198.9 265.3 186.8 277.9 172.2 262.9 184.3 250.4
4561__1__896___0 0.878096640110 194.3 308.8 187.2 327.3 163.8 316.9 170.9 298.4
2829__1__896___0 0.841838479042 193.3 312.7 186.6 326.7 164.2 319.4 170.8 305.4
6337__1__896___0 0.324857234955 194.2 319.1 181.7 332.5 165.8 320.4 178.3 307.1
227__1__896___0 0.877476155758 205.6 302.9 195.7 318.3 174.9 307.7 184.9 292.3
625__1__896___0 0.611900687218 205.8 307.8 195.9 321.5 178.0 310.1 187.8 296.4
4857__1__896___56 0.745940089226 195.6 254.5 184.8 271.3 164.6 259.8 175.3 243.0
45__1__896___0 0.845355570316 206.8 305.2 198.0 321.3 176.3 309.6 185.1 293.5
2543__1__896___0 0.839523911476 198.2 312.2 190.3 328.9 169.4 317.2 177.3 300.4
5175__1__896___0 0.815852165222 187.9 308.6 183.1 325.3 157.4 316.9 162.3 300.2
2562__1__896___0 0.837081670761 197.7 311.0 190.7 328.3 168.8 318.3 175.7 300.9
112__1__896___56 0.644922435284 204.1 239.5 204.1 259.6 176.6 259.6 176.6 239.5
2465__1__896___0 0.749459147453 197.1 309.8 192.8 326.8 168.7 318.9 172.9 301.9
6280__1__896___0 0.776964128017 191.4 318.3 177.9 329.7 163.9 317.0 177.4 305.6
6349__1__896___56 0.410363674164 195.3 262.8 182.4 277.7 165.7 265.0 178.6 250.2
2536__1__896___0 0.857131004333 198.0 312.6 189.7 328.9 168.1 316.6 176.3 300.3
223__1__896___0 0.889935791492 205.9 301.3 198.4 318.8 174.7 308.8 182.2 291.3
662__1__896___56 0.830962359905 205.1 247.0 198.4 263.8 175.0 254.8 181.7 238.0
6288__1__896___0 0.774353921413 190.9 318.6 177.6 329.7 164.0 317.2 177.3 306.1
6361__1__896___56 0.514133572578 196.8 268.9 180.8 279.5 170.7 262.4 186.7 251.8
212__1__896___56 0.712654411793 205.3 246.8 196.3 261.7 174.9 252.1 183.9 237.2
2761__1__896___0 0.623974800110 195.4 311.9 188.2 327.4 166.0 317.7 173.2 302.2
2488__1__896___0 0.695909559727 196.6 310.4 190.0 326.4 167.8 318.4 174.4 302.4
198__1__896___56 0.673968017101 203.6 238.7 203.6 257.3 177.4 257.3 177.4 238.7
1845__1__896___0 0.868271589279 200.1 310.3 192.3 325.8 171.1 316.2 178.9 300.8
6364__1__896___0 0.590632081032 196.8 325.0 181.7 336.2 170.2 318.8 185.4 307.6
6375__1__896___56 0.716085970402 195.6 262.6 185.2 277.7 165.7 266.2 176.0 251.0
5616__1__896___56 0.335607260466 197.9 265.2 186.3 277.7 172.6 263.8 184.2 251.4
2639__1__896___56 0.894589066505 193.6 247.6 193.6 268.8 166.3 268.8 166.3 247.6
2639__1__896___56 0.253405481577 959.8 551.7 959.8 567.6 921.6 567.6 921.6 551.7
2639__1__896___56 0.109382115304 393.5 753.6 393.5 773.2 368.7 773.2 368.7 753.6
4351__1__896___56 0.895126283169 194.5 256.4 187.0 272.5 164.8 261.5 172.3 245.5
4666__1__896___56 0.862791240215 193.5 253.7 187.0 269.9 164.5 260.7 171.1 244.4
445__1__896___0 0.740030348301 203.8 294.1 203.8 314.3 174.9 314.3 174.9 294.1
379__1__896___56 0.500475287437 205.7 244.7 200.1 261.1 174.7 253.0 180.3 236.6
395__1__896___0 0.820846676826 203.5 295.2 203.5 313.4 176.2 313.4 176.2 295.2
667__1__896___0 0.785151004791 204.6 302.2 199.8 319.1 176.6 311.2 181.4 294.3
492__1__0___0 0.255210787058 801.9 1001.0 785.3 1006.7 779.8 982.3 796.4 976.5
2824__1__896___0 0.901876270771 193.1 312.2 186.8 326.9 164.3 319.7 170.6 305.0
22__1__896___0 0.624184668064 205.3 295.9 205.3 315.6 178.3 315.6 178.3 295.9
2736__1__896___56 0.921876728535 193.9 254.2 188.1 270.4 163.3 261.8 169.1 245.5
2809__1__896___0 0.893064439297 192.3 305.9 192.3 323.6 165.1 323.6 165.1 305.9
603__1__896___0 0.842984914780 203.7 296.7 203.7 318.0 176.0 318.0 176.0 296.7
432__1__896___0 0.641706764698 204.6 299.4 198.6 315.7 175.1 308.4 181.0 292.1
432__1__896___0 0.157857269049 230.5 983.1 230.5 1016.9 210.5 1016.9 210.5 983.1
4766__1__896___56 0.711850345135 193.9 253.6 185.1 270.9 162.3 259.4 171.1 242.1
2770__1__896___0 0.869458317757 194.3 312.1 186.5 326.3 165.9 317.3 173.7 303.1
2770__1__896___0 0.355123609304 236.2 933.7 236.2 967.9 216.0 967.9 216.0 933.7
543__1__896___0 0.717192411423 206.1 306.4 195.6 320.1 177.4 308.1 188.0 294.5
5602__1__896___0 0.273100912571 198.2 321.6 187.5 334.8 171.0 321.3 181.7 308.1
4366__1__896___56 0.784502983093 195.6 256.4 188.1 273.8 165.6 262.6 173.2 245.3
5272__1__896___0 0.652134776115 190.9 311.4 184.5 327.3 161.9 318.7 168.3 302.8
2937__1__0___56 0.194942787290 570.2 264.5 570.2 284.1 529.5 284.1 529.5 264.5
4560__1__896___56 0.832971453667 194.6 252.5 187.3 271.0 163.8 261.6 171.1 243.0
51__1__896___0 0.847098588943 206.9 304.8 198.6 321.2 177.0 309.9 185.4 293.6
495__1__0___56 0.183687761426 794.8 911.7 794.8 940.0 775.2 940.0 775.2 911.7
2535__1__896___56 0.856503546238 198.1 256.1 189.8 272.2 168.6 261.1 176.9 245.0
2811__1__896___0 0.915612161160 192.5 305.7 192.5 324.4 164.9 324.4 164.9 305.7
257__1__896___56 0.656180858612 203.4 239.3 203.4 257.5 176.3 257.5 176.3 239.3
2726__1__896___56 0.916138052940 194.1 253.6 188.4 270.2 164.0 261.8 169.7 245.2
6271__1__896___0 0.618525147438 191.0 315.6 181.4 329.6 163.7 319.6 173.2 305.6
415__1__896___56 0.811387479305 204.5 243.7 201.2 259.8 175.1 253.5 178.4 237.4
489__1__896___0 0.862034797668 206.7 301.7 200.8 318.8 176.7 310.0 182.6 292.9
6256__1__896___56 0.280112355947 191.3 260.2 180.6 272.8 165.8 263.1 176.5 250.5
5640__1__896___0 0.529411613941 198.2 322.0 186.7 334.4 171.2 318.8 182.8 306.4
6391__1__896___0 0.806712508202 195.5 318.4 186.1 334.4 165.4 322.5 174.8 306.5
2487__1__896___56 0.698010623455 195.5 254.0 188.2 269.0 168.7 261.9 176.1 246.9
6368__1__896___0 0.646637737751 196.2 319.1 186.4 335.0 166.2 323.1 176.0 307.2
6041__1__896___0 0.102874532342 197.4 319.4 187.7 332.7 171.1 320.9 180.8 307.7
259__1__896___0 0.793389737606 203.4 294.6 203.4 314.8 175.8 314.8 175.8 294.6
6402__1__896___56 0.579488396645 195.6 262.7 185.5 277.4 166.1 266.2 176.2 251.6
4861__1__896___0 0.797005474567 195.1 310.4 184.6 327.7 164.6 316.4 175.1 299.0
576__1__896___0 0.622051954269 203.6 301.5 199.4 318.2 175.4 312.2 179.7 295.4
4328__1__896___0 0.838489830494 192.0 311.1 185.4 327.2 162.7 318.2 169.2 302.2
5631__1__896___56 0.446893811226 198.7 265.1 186.6 278.0 171.8 263.8 183.9 250.9
2592__1__896___0 0.573659241199 197.5 308.4 193.1 326.9 166.1 318.9 170.6 300.3
2714__1__896___0 0.935794115067 195.1 309.6 190.3 325.3 165.5 317.1 170.3 301.4
2619__1__896___56 0.761723518372 193.7 248.4 193.7 266.9 168.1 266.9 168.1 248.4
28__1__896___0 0.802770197392 206.4 304.4 197.3 318.9 177.3 308.8 186.4 294.3
5613__1__896___0 0.336673617363 197.9 320.7 187.6 334.6 170.9 322.0 181.1 308.1
6231__1__896___0 0.472477734089 190.2 305.7 190.2 327.1 164.7 327.1 164.7 305.7
4578__1__896___56 0.826614081860 193.3 252.8 185.8 269.8 163.8 260.8 171.4 243.8
2778__1__896___56 0.878596305847 193.8 255.9 187.3 269.4 165.7 261.7 172.2 248.3
2556__1__896___56 0.825581014156 197.7 255.4 189.9 273.2 168.5 262.7 176.4 244.9
4887__1__896___0 0.802610397339 194.3 308.6 187.6 326.1 163.6 316.6 170.2 299.1
6418__1__896___0 0.726352453232 195.8 318.4 186.0 334.0 165.5 322.5 175.3 306.9
5341__1__896___0 0.646674692631 193.2 313.4 184.3 330.0 164.0 320.7 173.0 304.1
28__1__896___56 0.725783586502 206.3 247.3 198.3 263.4 177.3 254.2 185.4 238.0
4777__1__896___56 0.802387475967 195.0 252.4 187.4 270.8 163.8 261.6 171.3 243.2
526__1__896___0 0.774945080280 206.9 305.9 198.1 321.0 178.1 308.8 186.8 293.6
4459__1__896___56 0.870937347412 194.9 245.4 194.9 269.2 166.9 269.2 166.9 245.4
4416__1__896___0 0.871709048748 192.7 308.1 186.8 324.9 165.4 318.0 171.4 301.2
6486__1__896___56 0.588259637356 196.2 263.8 183.0 278.9 164.8 264.4 178.0 249.4
96__1__896___56 0.561973690987 203.4 238.9 203.4 258.0 176.2 258.0 176.2 238.9
569__1__896___56 0.409712314606 202.5 240.8 202.5 259.7 176.7 259.7 176.7 240.8
623__1__896___56 0.786675751209 205.8 250.1 197.6 265.0 176.8 254.3 185.0 239.5
4373__1__896___56 0.859422922134 195.1 255.9 187.7 273.9 164.6 262.7 171.9 244.6
4388__1__896___56 0.873240649700 195.2 254.9 186.5 273.0 164.9 261.9 173.5 243.8
83__1__896___56 0.599459707737 203.6 238.6 203.6 257.9 175.8 257.9 175.8 238.6
6460__1__896___0 0.785565733910 195.6 317.7 186.2 334.3 164.3 321.3 173.7 304.7
5133__1__896___56 0.141128391027 192.6 253.5 185.4 268.4 163.3 259.8 170.5 244.9
6482__1__896___56 0.617126226425 196.2 263.6 182.9 279.1 164.6 264.9 178.0 249.4
23__1__896___56 0.423759192228 205.3 240.1 205.3 261.0 178.7 261.0 178.7 240.1
4387__1__896___0 0.868961811066 194.7 310.3 187.7 328.3 164.9 317.7 171.9 299.7
123__1__896___0 0.837532401085 204.3 296.0 204.3 315.0 177.5 315.0 177.5 296.0
5345__1__896___0 0.668410658836 193.8 313.3 185.1 330.3 164.2 320.8 172.9 303.7
5557__1__896___56 0.338845998049 198.8 266.4 186.4 279.1 170.4 264.3 182.8 251.6
2815__1__896___56 0.941873908043 192.8 255.9 187.3 269.0 165.0 262.7 170.5 249.7
6435__1__896___0 0.517858743668 197.1 325.7 183.2 336.2 171.6 318.9 185.4 308.5
6372__1__896___0 0.725550591946 196.0 318.1 187.2 334.8 165.6 323.7 174.4 307.0
6253__1__896___56 0.120456002653 191.5 249.6 191.5 270.6 165.4 270.6 165.4 249.6
2506__1__896___0 0.767610490322 198.3 310.2 192.3 326.7 167.6 318.5 173.6 302.1
575__1__896___0 0.631043851376 203.8 301.4 199.9 318.3 175.7 312.0 179.6 295.2
2488__1__896___56 0.735080480576 196.4 254.6 189.1 270.4 167.7 262.3 174.9 246.5
1902__1__896___0 0.814004361629 201.3 307.9 196.8 325.7 172.3 318.4 176.8 300.6
652__1__896___56 0.821564912796 206.1 250.9 197.5 266.2 176.6 253.9 185.2 238.6
667__1__896___56 0.806324243546 204.9 246.4 198.5 262.8 175.9 254.8 182.3 238.4
5594__1__896___0 0.485396444798 197.5 322.8 184.5 335.7 170.0 320.8 183.0 307.9
5271__1__896___0 0.681471467018 191.2 311.5 184.6 327.6 162.0 318.9 168.6 302.8
2670__1__896___56 0.873500585556 192.7 248.5 192.7 266.4 167.3 266.4 167.3 248.5
5613__1__896___56 0.341463118792 197.4 266.1 185.8 278.4 171.8 264.7 183.4 252.4
36__1__896___56 0.816752076149 207.4 248.5 198.5 264.6 176.8 252.9 185.7 236.7
5302__1__896___0 0.566076040268 190.3 311.5 184.5 326.8 163.0 319.5 168.7 304.2
60__1__896___0 0.858771324158 206.4 304.4 197.5 319.9 176.4 309.2 185.3 293.8
203__1__896___0 0.836597561836 203.8 294.9 203.8 314.4 176.7 314.4 176.7 294.9
676__1__896___56 0.735824882984 203.7 239.5 203.7 261.7 176.6 261.7 176.6 239.5
5556__1__896___0 0.371231257915 198.9 320.8 187.5 334.4 169.6 320.9 180.9 307.3
6454__1__896___0 0.674616634846 194.8 318.4 184.9 334.0 165.1 320.9 175.0 305.3
4764__1__896___0 0.920124948025 194.1 308.7 186.6 327.1 162.7 316.2 170.2 297.8
6483__1__896___0 0.795197188854 196.2 318.3 185.4 334.4 164.6 321.0 175.4 305.0
2674__1__896___56 0.878755986691 192.7 248.3 192.7 266.8 167.2 266.8 167.2 248.3
5257__1__896___56 0.602970600128 191.1 255.4 183.8 271.9 162.5 263.7 169.8 247.1
2567__1__896___0 0.819206237793 197.3 311.2 189.9 328.4 167.0 318.3 174.3 301.1
549__1__896___0 0.627850174904 203.8 295.7 203.8 316.8 177.2 316.8 177.2 295.7
2799__1__896___0 0.890105962753 192.2 305.9 192.2 322.4 166.5 322.4 166.5 305.9
6350__1__896___0 0.459532558918 196.4 325.3 181.1 334.8 170.9 317.2 186.2 307.7
2547__1__896___0 0.770346403122 198.3 312.8 190.4 329.5 170.1 317.9 178.0 301.2
479__1__896___0 0.820450961590 206.4 303.3 199.8 319.0 177.0 309.7 183.5 294.0
233__1__0___56 0.475676357746 808.9 954.0 790.6 960.5 784.2 935.3 802.5 928.8
4893__1__896___56 0.659759759903 194.8 253.0 187.0 270.6 163.3 260.5 171.1 242.9
5249__1__896___56 0.591523826122 191.0 255.4 183.7 271.6 162.1 263.3 169.3 247.1
5249__1__896___56 0.131157517433 44.9 531.1 44.9 561.8 20.6 561.8 20.6 531.1
4507__1__896___56 0.863580346107 195.4 254.9 186.6 271.6 165.3 260.2 174.1 243.4
2738__1__896___0 0.939149975777 194.3 310.2 189.3 325.7 164.6 317.8 169.5 302.3
685__1__896___0 0.805738449097 204.0 302.7 198.7 318.7 174.9 310.8 180.2 294.8
278__1__896___0 0.846973776817 203.0 295.4 203.0 313.3 176.5 313.3 176.5 295.4
2604__1__896___56 0.674934864044 194.9 247.3 194.9 268.8 167.0 268.8 167.0 247.3
4445__1__896___0 0.921031057835 193.5 302.8 193.5 323.4 166.7 323.4 166.7 302.8
643__1__896___56 0.494118422270 207.1 254.3 195.1 266.4 179.3 253.4 191.4 241.3
6191__1__896___0 0.501293480396 194.6 317.4 180.9 331.5 164.7 318.3 178.5 304.2
5296__1__896___56 0.504409551620 190.6 255.6 183.9 271.0 162.5 263.0 169.2 247.7
5280__1__896___0 0.562556684017 191.8 311.7 185.0 327.2 163.2 318.5 170.0 303.1
6439__1__896___56 0.640845179558 196.2 270.4 182.1 280.9 171.0 263.0 185.1 252.5
452__1__896___0 0.675648987293 203.9 304.9 190.0 314.1 176.1 303.3 190.0 294.2
75__1__896___0 0.768595337868 204.4 295.1 204.4 315.0 176.5 315.0 176.5 295.1
6304__1__896___56 0.367823839188 196.3 268.8 181.2 279.1 170.1 261.3 185.2 251.0
607__1__896___0 0.854203641415 204.2 303.4 198.0 319.5 174.9 310.8 181.1 294.7
2512__1__896___0 0.858222305775 197.9 310.8 191.8 326.4 167.5 317.8 173.6 302.2
629__1__896___0 0.483611226082 206.2 308.7 195.0 321.8 178.4 309.9 189.6 296.8
2669__1__896___56 0.849935650826 193.0 248.7 193.0 266.0 167.7 266.0 167.7 248.7
419__1__896___56 0.763964235783 204.9 244.5 199.8 260.0 174.8 252.2 179.8 236.7
216__1__896___56 0.713290631771 205.4 246.2 197.5 262.3 174.7 252.7 182.6 236.5
5262__1__896___0 0.726920545101 191.4 311.2 184.8 327.8 162.1 319.1 168.7 302.5
2537__1__896___56 0.864951193333 198.4 256.3 189.4 272.3 168.6 260.6 177.6 244.6
4886__1__896___56 0.698828279972 194.6 252.9 187.1 270.3 163.3 261.0 170.8 243.6
1857__1__896___56 0.678270339966 201.0 245.7 201.0 268.1 172.8 268.1 172.8 245.7
425__1__896___56 0.783691704273 204.1 243.3 199.2 259.9 174.5 253.0 179.4 236.4
425__1__896___56 0.145999789238 227.9 908.3 227.9 941.1 206.8 941.1 206.8 908.3
185__1__896___0 0.788220524788 203.9 295.1 203.9 313.8 177.9 313.8 177.9 295.1
264__1__896___56 0.674950122833 203.7 239.0 203.7 257.2 176.7 257.2 176.7 239.0
469__1__896___56 0.572330474854 204.5 238.0 204.5 259.1 176.9 259.1 176.9 238.0
6378__1__896___0 0.809606850147 195.4 318.5 186.0 334.3 165.6 322.2 175.0 306.5
6228__1__896___56 0.704333543777 190.4 258.9 181.8 272.5 163.7 263.9 172.2 250.3
166__1__896___0 0.854681372643 204.3 301.6 196.9 315.4 176.1 307.5 183.5 293.8
2823__1__896___0 0.889535009861 192.8 311.8 186.8 326.6 164.2 319.5 170.3 304.8
2634__1__896___0 0.915924668312 194.1 310.4 187.9 325.0 165.6 317.5 171.8 302.9
4563__1__896___0 0.881155490875 194.2 308.3 187.6 327.1 163.8 317.4 170.5 298.5
397__1__896___56 0.842586398125 204.1 239.1 204.1 257.9 176.1 257.9 176.1 239.1
2708__1__896___56 0.801581621170 194.7 252.9 189.4 269.4 165.0 261.6 170.2 245.2
68__1__896___0 0.841902017593 204.7 306.2 190.2 316.7 175.9 305.0 190.4 294.6
1870__1__896___0 0.816094517708 201.3 309.4 195.2 327.6 171.6 317.8 177.7 299.6
1834__1__896___56 0.152251943946 202.9 258.6 189.9 270.5 177.6 258.3 190.6 246.4
33__1__896___56 0.817773342133 207.1 248.4 197.8 264.2 177.0 253.1 186.2 237.3
4563__1__896___56 0.843212306499 194.7 252.3 187.3 271.0 164.0 261.6 171.5 242.9
4505__1__896___56 0.886135697365 195.3 255.0 186.2 271.2 165.4 259.7 174.4 243.5
4357__1__896___0 0.859541118145 193.7 311.8 185.9 328.4 165.0 317.5 172.7 301.0
4347__1__896___56 0.908030867577 194.4 256.2 186.8 272.5 164.1 262.0 171.7 245.7
2586__1__896___0 0.653060078621 197.2 309.0 192.3 327.1 166.0 318.7 170.9 300.6
683__1__896___56 0.796105563641 204.4 247.5 196.8 262.2 175.2 253.2 182.7 238.5
559__1__896___0 0.709616780281 200.1 296.7 200.1 313.3 173.8 313.3 173.8 296.7
175__1__896___0 0.887828886509 204.1 296.1 204.1 314.1 177.8 314.1 177.8 296.1
5645__1__896___0 0.400797784328 198.1 321.0 187.8 334.2 171.4 320.1 181.7 307.0
214__1__896___0 0.906025350094 205.6 301.5 198.6 318.8 174.2 309.3 181.2 292.0
580__1__896___56 0.849553287029 204.4 247.2 197.9 262.3 174.9 254.1 181.4 239.0
4331__1__896___0 0.816621124744 192.1 311.1 185.4 327.9 162.5 319.0 169.2 302.2
572__1__896___0 0.588562309742 202.9 295.9 202.9 316.4 173.4 316.4 173.4 295.9
6479__1__896___56 0.620962202549 196.3 263.5 183.8 279.0 164.2 265.2 176.7 249.7
4753__1__896___56 0.715479373932 193.2 252.5 187.5 268.3 164.2 260.2 170.0 244.5
2760__1__896___0 0.511110424995 195.4 311.9 188.4 327.8 165.3 318.2 172.3 302.3
6034__1__896___56 0.206351786852 196.9 265.8 184.6 277.9 171.7 263.1 184.0 251.0
440__1__896___0 0.745388090611 203.7 299.3 198.3 315.0 174.6 308.8 180.0 293.2
2638__1__896___0 0.914872348309 194.1 310.3 187.9 324.2 166.1 317.3 172.3 303.3
2638__1__896___0 0.122853271663 951.5 607.5 951.5 623.5 915.6 623.5 915.6 607.5
557__1__896___0 0.668368577957 200.0 297.0 200.0 313.1 174.1 313.1 174.1 297.0
2666__1__896___0 0.880134642124 192.3 305.1 192.3 321.4 167.7 321.4 167.7 305.1
5590__1__896___0 0.581654012203 197.0 322.8 183.4 335.9 169.0 320.5 182.6 307.4
2634__1__896___56 0.886009812355 193.0 254.6 186.3 268.9 166.1 261.6 172.8 247.3
4817__1__896___56 0.742387354374 195.8 254.5 185.7 271.8 165.0 260.4 175.0 243.2
219__1__896___56 0.748694837093 206.4 246.3 198.2 263.2 175.1 252.7 183.2 235.8
68__1__896___56 0.538050472736 204.8 240.1 204.8 259.2 176.8 259.2 176.8 240.1
108__1__896___56 0.613085210323 204.1 239.6 204.1 259.2 176.9 259.2 176.9 239.6
4418__1__896___0 0.882965385914 192.9 301.9 192.9 324.0 165.7 324.0 165.7 301.9
691__1__896___0 0.813618123531 204.0 303.0 198.1 319.5 175.3 311.0 181.2 294.5
4556__1__896___56 0.819991350174 194.7 253.0 187.1 271.0 163.9 261.1 171.5 243.1
4581__1__896___56 0.838234126568 193.5 252.4 186.1 269.6 164.2 261.2 171.6 244.0
4594__1__896___56 0.780593395233 193.7 252.4 188.1 268.9 165.5 261.9 171.0 245.4
6311__1__896___56 0.133798643947 196.7 267.8 182.1 278.2 170.5 262.3 185.1 251.9
6342__1__896___0 0.252010673285 195.9 323.8 180.4 333.7 170.4 317.1 186.0 307.2
637__1__896___0 0.432805389166 207.6 310.9 195.6 324.1 179.0 310.7 191.0 297.5
4897__1__896___56 0.687491297722 195.2 253.0 187.1 271.0 163.4 260.8 171.5 242.9
2551__1__896___0 0.763624191284 197.4 311.6 190.0 328.6 169.5 318.6 176.8 301.7
500__1__0___56 0.124263495207 783.2 897.9 783.2 927.2 767.5 927.2 767.5 897.9
6385__1__896___0 0.822838902473 195.5 317.4 187.4 334.2 164.6 323.5 172.8 306.7
6416__1__896___0 0.684522926807 196.3 318.5 186.3 334.0 166.0 322.2 176.0 306.7
4506__1__896___56 0.860949397087 195.3 254.9 186.6 271.4 165.3 259.9 174.0 243.4
93__1__896___0 0.768738329411 204.2 294.8 204.2 314.4 176.5 314.4 176.5 294.8
5176__1__896___0 0.792072296143 187.6 308.4 182.9 324.9 157.7 316.7 162.3 300.1
605__1__896___0 0.864968776703 204.4 304.0 197.7 319.2 175.5 310.5 182.2 295.3
5137__1__896___56 0.288342446089 191.7 253.8 184.9 269.0 162.7 260.1 169.5 244.9
6484__1__896___0 0.778067529202 196.0 318.0 185.5 334.1 165.0 321.5 175.5 305.4
42__1__896___56 0.862695872784 207.2 248.3 198.3 264.5 176.2 253.3 185.1 237.1
493__1__896___0 0.868658304214 206.5 301.2 201.4 318.9 176.3 311.0 181.3 293.3
98__1__896___0 0.807037949562 203.8 294.6 203.8 314.7 176.0 314.7 176.0 294.6
168__1__896___56 0.589259624481 203.5 245.6 197.6 258.9 175.9 251.8 181.8 238.5
472__1__896___0 0.750318348408 205.9 303.1 197.7 317.4 177.0 308.6 185.2 294.3
640__1__896___56 0.381591469049 207.7 254.4 195.5 266.5 179.5 253.6 191.7 241.5
4770__1__896___0 0.912991821766 194.1 308.2 187.1 326.9 162.7 317.2 169.7 298.5
458__1__0___0 0.508213818073 384.6 371.3 384.6 386.6 350.0 386.6 350.0 371.3
2603__1__896___56 0.716578185558 194.9 253.9 188.7 269.5 166.5 261.8 172.7 246.2
5314__1__896___56 0.646689832211 191.0 255.2 184.6 272.1 161.7 264.9 168.2 248.0
4592__1__896___56 0.776502072811 193.2 252.1 188.3 268.4 165.2 262.0 170.1 245.7
6328__1__896___0 0.294076889753 196.2 323.8 181.0 334.4 170.8 318.1 186.1 307.5
4578__1__896___0 0.870199263096 193.3 308.5 186.8 325.7 164.1 317.1 170.5 299.8
6344__1__896___0 0.376403361559 196.0 323.7 181.0 334.4 170.3 318.1 185.4 307.4
4899__1__896___56 0.735085666180 195.2 253.6 186.4 271.0 163.3 260.1 172.1 242.7
2812__1__896___0 0.914258241653 192.5 305.9 192.5 324.7 164.8 324.7 164.8 305.9
35__1__896___0 0.839026868343 207.3 306.0 197.0 320.5 177.1 308.2 187.4 293.6
4669__1__896___0 0.886530816555 193.2 309.9 186.5 325.4 164.4 315.8 171.1 300.3
4354__1__896___56 0.873561978340 194.8 255.8 187.8 272.5 165.1 262.1 172.2 245.4
5182__1__896___0 0.821037948132 188.0 308.9 183.3 324.5 158.6 316.6 163.3 301.0
6468__1__896___0 0.807203173637 195.7 317.0 186.5 333.9 164.6 321.6 173.8 304.7
1921__1__896___56 0.889111399651 200.8 252.5 195.1 269.6 170.5 261.5 176.3 244.4
4494__1__896___0 0.807335972786 194.9 310.5 186.8 328.4 165.5 316.9 173.5 299.0
2808__1__896___0 0.881412744522 192.4 305.8 192.4 323.5 165.3 323.5 165.3 305.8
6282__1__896___0 0.740205883980 191.4 306.3 191.4 329.1 163.8 329.1 163.8 306.3
2674__1__896___0 0.924492359161 193.5 303.5 193.5 323.8 166.7 323.8 166.7 303.5
6377__1__896___0 0.804625332355 195.6 318.2 186.6 334.2 165.6 322.7 174.7 306.7
4894__1__896___0 0.834230482578 194.6 308.0 187.4 326.2 163.5 316.7 170.7 298.5
5265__1__896___56 0.595868885517 190.8 255.7 183.1 271.9 162.5 263.0 170.2 246.8
496__1__896___56 0.712603688240 204.7 239.1 204.7 261.0 176.2 261.0 176.2 239.1
457__1__0___56 0.529901027679 384.2 313.7 384.2 331.0 347.6 331.0 347.6 313.7
190__1__896___56 0.671851456165 204.0 239.1 204.0 257.6 178.0 257.6 178.0 239.1
5265__1__896___0 0.705668568611 190.7 311.4 184.6 327.2 162.2 318.6 168.3 302.8
203__1__896___56 0.684589087963 203.8 238.6 203.8 257.5 176.8 257.5 176.8 238.6
652__1__896___0 0.673758983612 206.1 307.2 197.9 322.9 177.4 311.3 185.6 295.5
455__1__896___0 0.668615877628 204.2 294.3 204.2 314.1 176.5 314.1 176.5 294.3
131__1__896___56 0.620670139790 204.8 245.6 198.0 259.8 176.4 252.5 183.3 238.2
4582__1__896___0 0.877436757088 193.3 308.3 187.2 325.6 164.1 317.5 170.1 300.1
79__1__896___56 0.595469295979 204.3 238.7 204.3 258.2 176.2 258.2 176.2 238.7
4550__1__896___56 0.836250424385 194.8 254.0 186.5 271.4 164.9 261.0 173.2 243.6
6442__1__896___56 0.582718729973 195.9 264.6 184.3 279.6 165.7 265.2 177.3 250.3
5587__1__896___0 0.603474199772 196.1 317.5 185.4 333.7 165.5 321.5 176.2 305.3
431__1__896___56 0.783509731293 204.4 243.2 198.9 260.1 174.5 252.8 180.1 236.0
6044__1__896___56 0.124428011477 197.3 265.4 184.7 277.8 171.7 263.7 184.3 251.3
6482__1__896___0 0.803470730782 196.0 318.1 185.1 334.4 164.7 321.1 175.6 304.8
25__1__896___56 0.599134683609 206.0 248.0 196.9 262.6 177.9 253.6 187.0 238.9
1854__1__896___56 0.750244379044 201.0 245.7 201.0 268.2 172.7 268.2 172.7 245.7
399__1__896___56 0.841690719128 204.1 239.0 204.1 257.5 176.3 257.5 176.3 239.0
6463__1__896___56 0.663254201412 196.1 263.4 183.9 279.4 164.5 265.7 176.7 249.7
87__1__896___0 0.763370692730 204.0 294.7 204.0 314.7 176.3 314.7 176.3 294.7
5635__1__896___0 0.520608425140 198.3 321.5 187.5 334.0 171.7 319.7 182.5 307.1
4424__1__896___0 0.847831547260 193.1 308.1 187.0 325.8 165.2 317.8 171.2 300.2
6371__1__896___0 0.723038911819 196.0 317.9 187.1 334.8 165.7 323.8 174.7 306.9
1911__1__896___0 0.890987396240 201.2 308.0 195.8 326.4 170.6 317.8 176.0 299.4
634__1__896___0 0.393501192331 209.0 313.1 196.0 324.7 182.7 309.3 195.7 297.7
577__1__896___0 0.678100407124 203.7 301.5 199.4 318.5 175.6 312.1 179.8 295.1
2524__1__896___0 0.887968122959 198.0 310.2 191.9 326.7 167.7 318.1 173.8 301.6
231__1__0___0 0.434957683086 813.1 1012.9 795.8 1019.0 786.0 990.1 803.2 983.9
5671__1__896___0 0.194983661175 198.5 318.7 190.7 333.2 172.7 320.6 180.6 306.0
567__1__896___56 0.406095534563 200.8 240.3 200.8 259.1 173.9 259.1 173.9 240.3
394__1__0___56 0.410108625889 546.1 262.6 546.1 280.0 509.3 280.0 509.3 262.6
444__1__896___0 0.764441668987 203.8 300.4 197.7 314.3 175.3 307.9 181.4 294.0
6381__1__896___0 0.821594953537 195.2 318.2 186.0 334.1 165.2 322.3 174.4 306.4
3674__1__896___0 0.105052754283 924.1 533.8 924.1 551.9 886.2 551.9 886.2 533.8
6309__1__896___56 0.301285415888 196.8 268.6 181.9 279.0 170.0 262.3 184.9 251.9
2711__1__896___56 0.844625353813 194.8 253.1 189.4 269.6 164.9 261.4 170.3 244.9
4548__1__896___0 0.834806799889 194.4 310.3 186.9 327.7 164.8 316.5 172.3 299.0
2503__1__896___56 0.704612612724 197.2 255.1 189.6 271.4 167.5 262.5 175.1 246.1
6463__1__896___0 0.742424905300 195.7 317.2 186.2 334.2 164.8 322.1 174.2 305.1
389__1__896___56 0.625413417816 204.6 244.5 200.7 260.1 175.4 253.4 179.3 237.7
4512__1__896___0 0.868315815926 194.7 311.2 187.3 326.9 165.5 315.1 172.9 299.4
4821__1__896___56 0.825030148029 195.3 254.8 185.0 271.7 164.7 260.3 175.0 243.4
6242__1__0___56 0.229956418276 671.1 38.7 671.1 61.5 656.6 61.5 656.6 38.7
158__1__896___0 0.765095174313 203.8 293.9 203.8 314.8 176.6 314.8 176.6 293.9
4336__1__896___0 0.815700292587 192.6 311.7 186.3 328.1 162.7 318.7 169.0 302.3
6425__1__896___0 0.614872574806 196.4 308.0 196.4 334.1 170.9 334.1 170.9 308.0
2671__1__896___56 0.861026525497 192.9 248.1 192.9 266.5 167.1 266.5 167.1 248.1
2783__1__896___0 0.892870903015 192.7 305.6 192.7 323.1 166.0 323.1 166.0 305.6
4886__1__896___0 0.799612104893 194.2 308.6 187.3 326.1 163.7 316.6 170.6 299.1
6322__1__896___56 0.258485734463 194.6 263.5 182.3 277.9 165.6 265.6 177.9 251.2
4551__1__896___0 0.882839620113 194.1 309.6 187.1 327.3 164.1 316.4 171.1 298.7
4391__1__896___0 0.808981060982 194.9 311.2 187.1 328.7 165.2 317.5 172.9 300.0
401__1__896___56 0.866815149784 203.9 239.0 203.9 257.1 176.2 257.1 176.2 239.0
2677__1__896___0 0.909790217876 193.3 304.3 193.3 322.2 167.5 322.2 167.5 304.3
1836__1__896___56 0.178980514407 201.5 254.4 190.7 269.1 173.3 260.8 184.0 246.2
160__1__896___0 0.760196149349 203.9 301.9 196.2 314.0 176.5 305.9 184.2 293.9
4595__1__896___0 0.852203309536 193.0 307.1 189.2 324.8 164.2 318.1 168.0 300.4
1840__1__896___0 0.531873643398 200.8 311.4 190.8 324.9 171.6 315.3 181.6 301.8
2651__1__896___56 0.916855812073 193.5 248.0 193.5 268.4 166.4 268.4 166.4 248.0
2651__1__896___56 0.103183336556 362.6 781.3 346.0 791.5 336.1 777.7 352.8 767.6
2563__1__896___0 0.842740297318 197.4 311.2 190.3 328.6 167.9 318.4 175.0 301.1
81__1__896___0 0.782509446144 204.7 294.7 204.7 315.4 176.6 315.4 176.6 294.7
662__1__896___0 0.794962167740 205.4 303.2 200.0 320.4 175.8 311.4 181.3 294.2
2597__1__896___56 0.665559232235 195.6 253.5 190.5 270.0 166.3 262.4 171.4 246.0
621__1__896___56 0.811092972755 204.9 249.2 197.4 263.7 176.0 254.0 183.6 239.5
3030__1__0___0 0.124557398260 714.2 11.8 714.2 44.8 694.6 44.8 694.6 11.8
493__1__0___56 0.137222230434 798.5 916.4 798.5 946.5 779.0 946.5 779.0 916.4
5258__1__896___56 0.647333264351 190.9 255.4 183.8 272.0 162.5 263.8 169.6 247.1
474__1__0___56 0.413394600153 442.6 322.7 442.6 337.4 403.6 337.4 403.6 322.7
5624__1__896___0 0.506154417992 198.1 321.7 186.5 334.2 171.4 320.3 183.0 307.7
5284__1__896___0 0.578260421753 191.4 311.7 184.8 327.0 163.3 318.6 169.8 303.3
2632__1__896___0 0.893098413944 194.0 310.3 187.8 325.0 165.9 317.6 172.1 302.8
2807__1__896___56 0.923742055893 192.2 250.3 192.2 267.5 166.1 267.5 166.1 250.3
685__1__896___56 0.775184512138 203.8 247.4 196.7 261.9 175.3 253.4 182.4 238.9
180__1__896___56 0.639172971249 204.4 239.8 204.4 257.6 176.5 257.6 176.5 239.8
4555__1__896___56 0.814607501030 194.7 253.0 187.5 270.6 163.9 261.0 171.1 243.4
616__1__896___56 0.818298459053 204.7 248.0 197.3 262.4 175.5 254.3 182.9 240.0
488__1__0___0 0.328495681286 810.1 1009.2 795.7 1017.1 787.0 992.2 801.4 984.4
2659__1__896___56 0.855545639992 192.7 249.2 192.7 265.9 167.8 265.9 167.8 249.2
144__1__896___56 0.759695529938 204.0 239.1 204.0 257.9 176.7 257.9 176.7 239.1
4669__1__896___56 0.862729787827 194.0 253.4 187.9 269.7 164.6 260.9 170.7 244.6
490__1__896___0 0.862100780010 206.7 301.7 200.8 318.7 176.4 310.3 182.3 293.2
4580__1__896___56 0.834758877754 193.1 252.0 186.5 269.3 164.2 261.3 170.9 244.1
441__1__896___0 0.756961047649 203.8 300.1 197.4 315.2 174.4 308.2 180.7 293.2
92__1__896___0 0.749881267548 203.7 294.8 203.7 314.3 176.4 314.3 176.4 294.8
62__1__896___0 0.845844447613 206.5 304.0 197.5 319.4 176.0 308.9 185.0 293.4
2654__1__896___0 0.895831465721 192.3 304.7 192.3 321.2 167.5 321.2 167.5 304.7
5131__1__896___0 0.329061090946 190.9 308.4 184.6 323.6 163.2 316.2 169.5 301.0
5275__1__896___0 0.575346350670 191.1 311.7 184.7 327.4 162.5 318.6 169.0 302.9
1841__1__896___56 0.479788243771 200.9 246.0 200.9 268.7 173.3 268.7 173.3 246.0
2552__1__896___0 0.741696596146 197.8 311.4 191.0 328.8 169.7 319.1 176.6 301.7
2734__1__896___56 0.925025761127 193.9 254.0 188.3 270.7 163.6 262.1 169.3 245.5
396__1__896___56 0.832672715187 204.1 239.2 204.1 258.2 176.3 258.2 176.3 239.2
4776__1__896___56 0.780980825424 194.7 252.5 187.1 270.9 163.3 261.6 171.0 243.2
2457__1__896___56 0.634471893311 195.2 252.8 191.9 270.0 166.8 264.0 170.1 246.7
5644__1__896___0 0.400866746902 197.8 320.8 187.6 334.2 171.3 319.9 181.5 306.5
4352__1__896___0 0.863490045071 193.5 312.1 186.8 328.0 164.4 317.6 171.1 301.7
502__1__0___56 0.123001821339 779.9 891.3 779.9 922.4 761.3 922.4 761.3 891.3
404__1__896___0 0.808723330498 203.7 294.6 203.7 313.6 175.8 313.6 175.8 294.6
664__1__896___56 0.823633849621 205.1 247.3 197.8 263.9 175.2 254.7 182.5 238.1
6429__1__896___0 0.553641617298 196.7 325.5 182.5 335.9 171.2 318.3 185.5 307.8
4769__1__896___56 0.762057602406 193.9 253.1 185.9 270.9 162.3 260.1 170.3 242.3
666__1__896___0 0.801373958588 204.9 302.8 199.4 319.6 176.3 311.1 181.8 294.3
4428__1__896___0 0.853533267975 192.9 307.8 186.8 325.7 164.6 318.1 170.8 300.2
4665__1__896___0 0.891065478325 193.2 310.4 186.5 326.3 164.3 316.2 170.9 300.3
4482__1__896___0 0.846126973629 195.1 310.3 188.4 327.9 165.3 317.3 171.9 299.7
2543__1__896___56 0.866465985775 198.5 256.4 189.7 272.8 169.3 261.0 178.2 244.7
2558__1__896___0 0.815576493740 197.4 311.1 190.5 328.8 168.9 319.1 175.9 301.3
4362__1__896___56 0.780404806137 195.1 255.6 188.5 273.2 165.6 263.1 172.2 245.5
5263__1__896___56 0.574214756489 191.0 255.8 183.2 272.1 162.2 262.9 170.0 246.6
494__1__0___56 0.117017418146 795.7 912.6 795.7 941.7 776.3 941.7 776.3 912.6
582__1__896___0 0.876941978931 205.0 302.0 199.7 318.2 174.6 311.2 179.9 295.0
654__1__896___0 0.782884538174 205.7 306.6 197.6 322.3 176.6 310.3 184.7 294.5
4774__1__896___56 0.790756642818 194.2 252.7 186.6 270.2 163.6 260.8 171.2 243.3
5603__1__896___56 0.320577234030 198.0 266.2 186.9 278.9 171.9 265.0 183.0 252.3
664__1__896___0 0.790590941906 205.1 302.9 199.4 320.1 176.1 311.3 181.8 294.1
653__1__896___56 0.818851828575 206.2 250.6 197.3 266.2 176.4 254.0 185.3 238.3
2601__1__896___0 0.635439336300 197.1 308.5 192.6 326.8 166.0 318.6 170.6 300.4
2525__1__896___56 0.867527723312 198.0 255.5 191.3 271.4 168.9 261.9 175.5 246.0
6329__1__896___0 0.307803213596 194.3 320.0 181.1 333.0 165.8 320.0 179.1 307.0
2722__1__896___56 0.913587927818 194.3 253.9 188.6 269.6 164.9 261.3 170.6 245.5
2824__1__896___56 0.940036356449 193.9 256.6 187.7 271.1 164.6 263.1 170.8 248.6
439__1__896___0 0.694885969162 203.7 299.9 197.8 314.9 175.3 308.2 181.2 293.2
6228__1__896___0 0.509154558182 193.1 317.0 182.5 331.0 165.1 319.0 175.8 305.0
476__1__896___0 0.777061462402 206.0 302.8 199.3 318.0 176.5 309.5 183.2 294.3
4758__1__896___0 0.905263483524 193.7 308.0 187.2 325.3 163.8 315.8 170.4 298.5
4383__1__896___0 0.873517513275 194.6 310.6 187.2 328.7 164.9 317.9 172.4 299.9
2667__1__896___56 0.834097504616 192.8 249.0 192.8 266.0 167.7 266.0 167.7 249.0
642__1__896___56 0.503702342510 207.2 253.6 195.8 266.3 179.0 253.7 190.4 241.0
150__1__896___0 0.767093956470 203.9 294.9 203.9 313.6 177.2 313.6 177.2 294.9
4414__1__896___56 0.740425407887 194.5 251.3 187.4 270.4 165.4 263.2 172.5 244.1
4393__1__896___56 0.859141588211 194.8 253.5 187.8 271.9 164.8 262.2 171.8 243.8
186__1__896___56 0.728288173676 204.3 239.4 204.3 257.1 177.6 257.1 177.6 239.4
4360__1__896___0 0.831711173058 193.8 311.8 186.8 328.4 165.4 318.1 172.5 301.5
4337__1__896___56 0.903346657753 194.0 256.1 186.1 272.5 163.4 262.4 171.3 245.9
459__1__896___56 0.756557464600 204.1 237.6 204.1 256.8 176.2 256.8 176.2 237.6
397__1__896___0 0.852411150932 203.6 295.1 203.6 313.5 175.9 313.5 175.9 295.1
462__1__896___56 0.717041015625 204.4 237.6 204.4 257.2 176.8 257.2 176.8 237.6
4756__1__896___0 0.911154508591 193.5 308.8 186.8 325.4 163.8 315.3 170.4 298.8
4658__1__896___56 0.876846015453 193.4 254.0 186.0 270.6 165.0 260.4 172.4 243.8
2584__1__896___0 0.545726895332 197.5 308.9 192.6 327.1 166.5 318.7 171.4 300.5
5666__1__896___56 0.223260357976 198.3 263.5 187.9 277.2 171.9 264.1 182.3 250.4
181__1__896___0 0.787465095520 204.5 295.5 204.5 313.6 178.2 313.6 178.2 295.5
6327__1__896___0 0.330718696117 194.0 319.6 181.0 332.5 165.7 319.7 178.8 306.8
4457__1__896___0 0.906845629215 194.6 309.0 189.0 326.1 166.0 317.7 171.7 300.7
4581__1__896___0 0.877848029137 193.3 308.0 187.1 325.5 164.1 317.6 170.3 300.2
61__1__896___56 0.823419153690 206.9 247.6 198.2 263.5 176.4 253.4 185.1 237.5
503__1__0___56 0.103093497455 780.0 888.8 780.0 920.3 758.2 920.3 758.2 888.8
2738__1__896___56 0.915775477886 193.9 253.9 188.6 270.0 164.1 262.0 169.4 245.9
2520__1__896___56 0.875673234463 197.8 255.6 191.6 271.2 168.8 261.7 174.9 246.1
4352__1__896___56 0.899429857731 194.5 256.2 187.4 272.5 164.9 262.0 172.0 245.7
6288__1__896___56 0.667614996433 190.1 250.9 190.1 272.1 165.4 272.1 165.4 250.9
658__1__896___0 0.829161167145 205.4 303.9 199.1 320.9 175.6 311.0 181.9 294.0
552__1__896___0 0.613812327385 200.7 296.3 200.7 314.6 174.0 314.6 174.0 296.3
4775__1__896___56 0.765660464764 194.3 252.3 186.9 270.4 163.5 261.2 170.8 243.1
394__1__896___0 0.822974085808 203.6 294.9 203.6 313.8 176.3 313.8 176.3 294.9
4521__1__896___56 0.876801371574 195.0 255.3 186.9 271.8 165.3 260.6 173.4 244.1
5322__1__896___0 0.634245276451 188.4 305.8 188.4 325.7 163.5 325.7 163.5 305.8
2481__1__896___0 0.762193858624 195.6 303.5 195.6 323.7 169.4 323.7 169.4 303.5
2483__1__896___56 0.728895962238 195.4 247.5 195.4 268.4 168.7 268.4 168.7 247.5
4344__1__896___0 0.847090780735 192.9 311.9 186.2 328.2 162.9 318.2 169.5 302.0
426__1__896___56 0.735685229301 204.2 243.3 199.7 260.0 174.2 253.1 178.8 236.4
426__1__896___56 0.130758598447 228.4 940.7 211.1 944.1 205.4 914.2 222.6 910.8
201__1__896___56 0.591459989548 204.1 238.4 204.1 258.5 176.9 258.5 176.9 238.4
33__1__896___0 0.859188854694 207.1 305.0 197.6 320.4 176.6 308.7 186.1 293.3
137__1__896___56 0.540159463882 204.4 245.9 198.5 259.1 176.3 252.2 182.2 239.0
5253__1__896___56 0.581254243851 191.4 255.0 184.2 272.2 162.4 263.9 169.6 246.7
4558__1__896___56 0.863364815712 194.9 252.9 187.3 271.1 164.5 261.4 172.1 243.2
2746__1__896___0 0.897905051708 194.3 310.5 189.7 326.7 164.3 318.4 168.9 302.2
4338__1__896___56 0.898853123188 193.8 256.1 185.8 272.6 163.2 262.4 171.2 245.9
5660__1__896___0 0.239464968443 198.2 319.2 190.3 333.5 172.4 320.8 180.3 306.4
6312__1__896___56 0.172438532114 196.7 268.0 182.3 278.4 170.6 262.4 185.0 252.0
460__1__896___0 0.654973387718 204.1 295.2 204.1 313.9 177.0 313.9 177.0 295.2
613__1__896___56 0.853668689728 204.8 247.9 197.8 263.1 175.8 254.5 182.9 239.4
6299__1__896___56 0.505832254887 190.9 261.4 181.2 274.6 165.9 263.6 175.6 250.4
218__1__896___0 0.908189237118 206.1 301.2 199.1 318.9 174.2 308.8 181.1 291.0
6414__1__896___0 0.689939379692 196.2 318.7 186.5 334.1 166.0 322.4 175.8 307.0
5342__1__896___56 0.859825432301 191.9 255.8 184.8 273.8 163.0 265.3 170.1 247.3
558__1__896___0 0.726325869560 200.1 296.9 200.1 313.5 173.8 313.5 173.8 296.9
4754__1__896___56 0.647344291210 193.4 252.5 187.0 268.8 164.5 260.4 171.0 244.1
24__1__896___56 0.438411891460 205.8 249.1 195.0 262.1 178.3 252.3 189.1 239.4
2571__1__896___0 0.737999737263 197.1 311.3 189.7 328.5 166.6 318.4 174.0 301.2
2476__1__896___0 0.837750792503 197.1 310.8 191.2 326.3 169.3 318.0 175.3 302.5
380__1__896___56 0.381554573774 204.4 244.3 200.9 260.1 175.0 253.2 178.5 237.4
4329__1__896___0 0.822045624256 192.3 311.2 186.0 327.4 162.6 318.5 168.8 302.3
227__1__0___56 0.442276924849 820.9 945.3 820.9 974.3 797.4 974.3 797.4 945.3
4513__1__896___56 0.862789034843 195.5 255.7 186.7 271.3 165.4 259.8 174.2 244.2
4401__1__896___56 0.856331408024 194.9 253.6 188.1 272.7 165.0 263.1 171.8 244.0
78__1__896___0 0.768637180328 204.9 295.1 204.9 315.5 177.0 315.5 177.0 295.1
5625__1__896___0 0.528942167759 198.0 321.4 186.7 334.2 171.4 320.3 182.7 307.4
2686__1__896___0 0.926031351089 194.3 310.3 188.5 324.8 166.0 316.8 171.8 302.3
5633__1__896___56 0.441674321890 198.9 265.8 186.9 278.5 172.0 263.8 184.0 251.1
2820__1__896___56 0.933531522751 193.8 256.3 188.6 271.6 164.3 264.0 169.5 248.8
4576__1__896___0 0.892043530941 193.4 308.5 187.0 326.2 163.7 316.8 170.1 299.1
2755__1__896___56 0.754922330379 195.6 256.4 188.6 272.0 165.5 261.9 172.5 246.3
2472__1__896___0 0.818359971046 196.8 310.9 191.1 326.9 168.5 318.5 174.2 302.5
578__1__896___0 0.727740764618 203.8 301.8 199.4 318.5 174.8 311.5 179.3 294.8
95__1__896___0 0.754924535751 203.5 294.9 203.5 314.6 176.1 314.6 176.1 294.9
197__1__896___56 0.596209824085 204.2 238.9 204.2 257.7 177.8 257.7 177.8 238.9
2566__1__896___56 0.766355454922 197.7 255.1 190.1 272.3 167.7 262.2 175.3 244.9
4776__1__896___0 0.920605838299 193.8 308.2 187.4 326.1 163.3 317.1 169.8 299.3
2756__1__896___0 0.830266654491 194.5 311.8 187.4 327.5 164.6 317.9 171.7 302.3
2798__1__896___0 0.885408520699 192.6 306.1 192.6 322.9 166.4 322.9 166.4 306.1
22__1__896___56 0.457074493170 205.3 240.7 205.3 260.0 178.6 260.0 178.6 240.7
2493__1__896___56 0.756874918938 197.3 255.4 189.9 271.9 167.2 262.8 174.6 246.3
501__1__896___0 0.920591354370 204.8 296.8 204.8 315.2 177.8 315.2 177.8 296.8
2631__1__896___56 0.854252815247 193.3 254.5 186.0 268.9 166.3 261.3 173.7 246.9
25__1__896___0 0.790436625481 205.9 305.4 195.4 318.0 177.5 307.7 188.1 295.1
2569__1__896___56 0.724676191807 197.0 255.1 189.7 272.4 167.1 262.5 174.5 245.3
6396__1__896___0 0.764044940472 195.7 317.7 187.0 334.3 165.7 323.1 174.4 306.5
6293__1__896___0 0.726760983467 191.1 307.8 191.1 328.5 164.7 328.5 164.7 307.8
6394__1__896___0 0.804734110832 195.5 317.6 187.1 334.4 165.1 323.7 173.5 306.8
82__1__896___56 0.567378938198 203.9 238.6 203.9 258.3 175.8 258.3 175.8 238.6
1907__1__896___0 0.836912035942 201.6 307.8 196.4 326.4 171.7 318.3 176.8 299.7
493__1__896___56 0.773197412491 206.4 246.3 199.0 263.1 176.4 253.8 183.8 237.0
5176__1__896___56 0.690023064613 188.1 253.3 182.1 269.3 158.6 260.6 164.6 244.6
4773__1__896___56 0.768821001053 194.3 253.1 186.2 270.7 163.0 260.4 171.2 242.7
1908__1__896___0 0.868562221527 201.3 307.9 196.0 326.2 171.0 317.8 176.3 299.5
2530__1__896___56 0.856709659100 197.7 255.3 190.2 271.3 168.4 261.7 175.9 245.7
4516__1__896___56 0.861254334450 195.2 255.3 186.5 271.1 165.7 260.0 174.4 244.2
4889__1__896___0 0.845735728741 194.6 309.1 187.5 326.6 164.1 316.5 171.2 299.0
2663__1__896___56 0.822991132736 192.8 249.5 192.8 265.8 167.9 265.8 167.9 249.5
412__1__896___56 0.853275775909 204.3 238.2 204.3 258.9 175.2 258.9 175.2 238.2
214__1__0___56 0.196308672428 848.7 999.0 826.6 1009.9 815.1 984.8 837.2 973.8
6320__1__896___56 0.202932029963 194.7 263.4 182.5 278.0 165.5 266.1 177.7 251.5
6348__1__896___56 0.375993400812 192.0 260.4 183.2 274.8 165.5 265.0 174.3 250.5
475__1__896___0 0.734794020653 205.6 303.2 197.4 317.3 176.8 308.6 184.9 294.5
142__1__896___56 0.777367115021 203.8 239.1 203.8 258.0 177.0 258.0 177.0 239.1
2743__1__896___56 0.894822359085 194.5 254.5 189.3 270.2 164.9 261.9 170.1 246.2
6235__1__896___0 0.423140197992 191.0 316.7 181.0 328.4 166.1 319.3 176.1 307.5
6193__1__896___0 0.481522977352 194.7 317.1 181.7 331.7 164.9 318.3 178.0 303.7
5588__1__896___56 0.576915562153 197.8 268.8 182.0 280.9 169.2 264.1 185.0 252.0
88__1__896___0 0.750830233097 204.2 294.6 204.2 314.9 176.6 314.9 176.6 294.6
2511__1__896___0 0.790904402733 198.0 310.5 192.7 326.7 167.8 318.7 173.2 302.5
4549__1__896___56 0.860647916794 194.7 253.5 187.3 271.3 164.7 261.3 172.2 243.6
5303__1__896___0 0.578164041042 190.0 311.8 184.6 327.3 162.8 319.9 168.2 304.4
2673__1__896___0 0.909178853035 193.6 303.8 193.6 323.4 167.0 323.4 167.0 303.8
2621__1__896___0 0.870688736439 194.3 310.1 186.4 324.9 166.1 317.2 173.9 302.4
5562__1__896___56 0.497322201729 198.8 266.8 185.9 279.1 170.5 263.4 183.3 251.0
392__1__896___0 0.817221403122 204.1 294.5 204.1 314.6 175.8 314.6 175.8 294.5
456__1__0___56 0.335136950016 380.8 313.5 380.8 330.8 343.0 330.8 343.0 313.5
4555__1__896___0 0.877316772938 194.1 309.7 187.0 327.0 164.1 316.4 171.3 299.0
495__1__0___0 0.170315250754 794.6 966.4 794.6 995.8 775.6 995.8 775.6 966.4
2611__1__896___56 0.616800069809 194.8 247.6 194.8 267.6 167.9 267.6 167.9 247.6
6435__1__896___56 0.598193764687 196.2 270.6 182.7 280.5 171.7 262.8 185.3 253.0
3711__1__896___56 0.125579103827 198.5 248.7 198.5 270.3 170.4 270.3 170.4 248.7
6241__1__896___0 0.127044662833 192.7 306.9 192.7 329.0 165.9 329.0 165.9 306.9
5558__1__896___0 0.398179322481 198.8 320.9 187.1 334.3 169.5 320.5 181.2 307.1
6237__1__896___0 0.353645771742 191.0 315.8 181.8 328.6 166.3 320.3 175.5 307.5
6423__1__896___56 0.432235270739 196.3 269.9 179.0 278.7 170.9 260.0 188.2 251.2
2481__1__896___56 0.717751562595 195.1 247.3 195.1 268.5 169.1 268.5 169.1 247.3
1868__1__896___0 0.834657073021 201.5 309.7 195.6 327.5 171.1 317.7 177.1 299.8
4426__1__896___56 0.664311468601 194.1 251.2 187.3 269.0 165.6 262.0 172.4 244.2
5598__1__896___0 0.385741949081 197.7 322.3 185.6 335.1 169.9 320.8 182.0 308.0
2501__1__896___56 0.624176502228 197.2 255.2 189.6 271.7 167.5 262.6 175.1 246.0
4449__1__896___56 0.773965477943 193.0 246.7 193.0 266.1 167.7 266.1 167.7 246.7
5279__1__896___0 0.601706504822 191.5 311.7 184.8 327.3 163.2 318.5 169.8 302.8
2550__1__896___0 0.728635430336 198.0 311.9 190.4 328.7 170.6 318.4 178.2 301.7
6303__1__896___0 0.479508936405 195.8 324.5 182.0 335.3 169.8 318.4 183.6 307.5
6281__1__896___0 0.758204698563 191.5 306.2 191.5 329.4 163.5 329.4 163.5 306.2
200__1__896___56 0.672277331352 204.0 238.5 204.0 257.8 176.9 257.8 176.9 238.5
2582__1__896___0 0.569158136845 197.5 308.5 193.1 326.7 166.2 318.7 170.6 300.6
4579__1__896___0 0.873415470123 193.3 308.2 186.7 325.7 164.0 317.6 170.5 300.1
425__1__896___0 0.702344536781 204.9 299.0 200.1 316.6 174.6 309.4 179.4 291.8
425__1__896___0 0.137685522437 227.8 962.8 227.8 997.7 206.7 997.7 206.7 962.8
4397__1__896___56 0.863806664944 194.8 253.4 188.2 272.5 164.8 263.1 171.4 244.0
2460__1__896___56 0.686402022839 195.2 252.4 191.9 269.9 166.5 263.9 169.8 246.5
387__1__896___56 0.429286032915 204.7 244.5 200.7 260.4 174.9 253.1 178.9 237.3
4377__1__896___0 0.864145100117 194.8 311.0 187.0 328.7 164.5 317.7 172.4 300.1
4552__1__896___0 0.867438316345 194.1 309.5 187.6 327.1 164.6 316.7 171.1 299.2
5261__1__896___0 0.756923019886 191.0 311.4 184.6 327.4 161.9 318.8 168.3 302.7
2750__1__896___56 0.922272026539 194.2 255.6 187.7 271.2 164.4 261.9 170.8 246.3
6337__1__896___56 0.414017140865 191.3 250.5 191.3 273.9 164.6 273.9 164.6 250.5
2477__1__896___0 0.793876528740 196.2 303.1 196.2 324.6 169.1 324.6 169.1 303.1
2790__1__896___0 0.892468154430 192.2 305.9 192.2 322.3 166.4 322.3 166.4 305.9
5574__1__896___0 0.733627915382 195.5 317.1 187.9 333.3 165.6 322.0 173.2 305.8
2615__1__896___56 0.775689363480 193.6 247.9 193.6 267.2 167.9 267.2 167.9 247.9
5181__1__896___56 0.751817047596 188.2 253.3 182.6 269.4 158.6 261.1 164.2 245.0
2761__1__896___56 0.602592468262 195.6 255.8 189.1 272.3 166.3 262.6 172.9 246.2
6460__1__896___56 0.669523775578 195.9 263.9 183.6 279.0 164.5 264.6 176.8 249.5
6476__1__896___56 0.648164093494 196.6 263.3 184.5 279.4 164.1 265.6 176.1 249.5
6227__1__896___0 0.484115391970 193.5 317.2 182.3 331.0 165.7 318.8 176.9 305.0
5311__1__896___56 0.703938961029 190.7 255.3 184.5 272.4 161.9 264.6 168.2 247.5
4816__1__896___0 0.747297585011 195.2 310.1 187.2 327.8 165.2 317.1 173.2 299.4
2729__1__896___0 0.926115334034 193.8 309.7 189.1 325.9 164.5 318.2 169.2 302.0
183__1__896___56 0.710127532482 204.5 239.7 204.5 257.3 177.2 257.3 177.2 239.7
1906__1__896___56 0.806249201298 201.7 252.1 195.8 269.6 171.9 262.0 177.7 244.5
229__1__896___0 0.898178100586 205.8 303.2 195.7 318.5 175.4 307.5 185.5 292.2
6484__1__896___56 0.597309052944 196.2 263.7 182.9 279.0 164.5 264.8 177.9 249.5
2805__1__896___0 0.891883075237 191.8 306.0 191.8 323.1 165.1 323.1 165.1 306.0
6397__1__896___56 0.692458391190 195.5 262.1 185.8 277.3 165.5 266.5 175.2 251.2
5645__1__896___56 0.356996983290 198.3 265.3 186.4 278.1 171.9 263.2 183.8 250.4
2797__1__896___56 0.900308668613 192.4 250.3 192.4 267.4 166.7 267.4 166.7 250.3
411__1__896___56 0.834747314453 204.2 238.2 204.2 258.4 175.3 258.4 175.3 238.2
4752__1__896___0 0.894629120827 193.2 308.5 187.1 325.0 164.1 316.0 170.2 299.5
487__1__0___0 0.142317816615 813.7 1012.8 799.5 1021.6 790.6 1000.7 804.7 991.9
228__1__0___56 0.477658063173 818.1 938.2 818.1 970.0 792.3 970.0 792.3 938.2
61__1__896___0 0.848146796227 206.3 304.0 198.1 319.9 175.9 309.3 184.1 293.5
105__1__896___0 0.852521955967 203.8 294.5 203.8 315.2 175.6 315.2 175.6 294.5
184__1__896___0 0.803557217121 204.1 295.2 204.1 313.9 177.9 313.9 177.9 295.2
2819__1__896___0 0.881068110466 192.8 310.8 188.0 326.8 163.8 320.5 168.6 304.4
1837__1__896___0 0.326346784830 200.4 311.3 190.1 323.8 172.4 314.5 182.8 302.0
566__1__896___56 0.363747835159 201.0 239.6 201.0 257.9 174.1 257.9 174.1 239.6
496__1__896___0 0.846696496010 205.7 301.8 199.9 318.3 176.7 310.9 182.5 294.4
433__1__896___0 0.686594665051 204.4 299.3 198.6 315.8 174.9 308.8 180.8 292.3
433__1__896___0 0.154884293675 232.0 1016.9 215.4 1021.1 210.3 992.8 226.9 988.6
2460__1__896___0 0.680366873741 195.7 309.3 192.0 325.5 168.7 318.5 172.5 302.3
4777__1__896___0 0.924112677574 193.7 308.1 187.6 326.1 163.2 317.0 169.2 299.0
