2656 0.116421669722 1242.9 834.2 1242.9 855.0 1221.6 855.0 1221.6 834.2
2654 0.115445546806 1248.3 840.4 1236.4 852.7 1225.0 842.5 1236.9 830.1
2645 0.390493363142 1273.6 835.4 1251.1 838.3 1249.4 817.8 1271.8 814.9
2645 0.179889380932 167.0 615.6 167.0 633.5 120.2 633.5 120.2 615.6
395 0.137917786837 549.2 317.8 549.2 335.6 509.8 335.6 509.8 317.8
2663 0.132557272911 1224.5 847.5 1224.5 867.8 1208.2 867.8 1208.2 847.5
2637 0.702246010303 192.2 617.4 192.2 633.6 164.6 633.6 164.6 617.4
2644 0.256282299757 170.2 615.4 170.2 634.3 127.8 634.3 127.8 615.4
396 0.203529804945 549.8 317.3 549.8 336.0 509.3 336.0 509.3 317.3
473 0.163834169507 439.6 378.4 439.6 392.9 402.0 392.9 402.0 378.4
2638 0.495195627213 1292.6 808.3 1292.6 828.1 1270.0 828.1 1270.0 808.3
2664 0.142827838659 1222.0 849.9 1222.0 870.5 1205.2 870.5 1205.2 849.9
2658 0.117750026286 1236.0 837.7 1236.0 858.7 1217.4 858.7 1217.4 837.7
2685 0.64090359211 1183.3 890.9 1183.3 914.1 1170.4 914.1 1170.4 890.9
2639 0.542873501778 1289.5 809.6 1289.5 829.2 1264.7 829.2 1264.7 809.6
2635 0.480037927628 198.0 616.7 198.0 632.8 174.3 632.8 174.3 616.7
2641 0.215880125761 185.2 615.9 185.2 634.6 140.0 634.6 140.0 615.9
458 0.130149871111 384.6 371.3 384.6 386.6 350.0 386.6 350.0 371.3
394 0.133021980524 546.1 318.6 546.1 336.0 509.3 336.0 509.3 318.6
2651 0.194643765688 1258.6 837.3 1242.0 847.5 1232.1 833.7 1248.8 823.6
474 0.126811817288 442.9 378.7 442.9 394.0 403.4 394.0 403.4 378.7
2686 0.379619687796 1181.8 892.2 1181.8 917.9 1168.1 917.9 1168.1 892.2
