6430 0.593311727047 1091.8 325.9 1077.5 335.3 1067.5 317.7 1081.8 308.2
2490 0.720671057701 1093.3 310.5 1087.1 326.8 1063.3 318.6 1069.5 302.3
2648 0.904126048088 1089.6 304.0 1089.6 324.0 1062.5 324.0 1062.5 304.0
2647 0.905184090137 1089.5 303.4 1089.5 324.5 1061.9 324.5 1061.9 303.4
262 0.682137429714 1099.8 295.3 1099.8 313.3 1072.4 313.3 1072.4 295.3
6413 0.511483848095 1092.3 319.0 1081.4 333.6 1062.7 322.1 1073.5 307.5
4346 0.916320383549 1089.7 311.6 1082.5 328.1 1059.3 318.0 1066.6 301.4
4899 0.833061695099 1090.7 308.2 1083.7 326.3 1059.7 316.7 1066.7 298.5
126 0.702280938625 1100.6 295.4 1100.6 315.9 1073.5 315.9 1073.5 295.4
5315 0.641732931137 1085.5 312.3 1080.0 327.1 1058.8 319.6 1064.3 304.9
2468 0.789161860943 1092.4 311.6 1085.5 328.2 1063.3 319.1 1070.2 302.5
191 0.695159375668 1100.3 294.2 1100.3 314.2 1074.6 314.2 1074.6 294.2
458 0.629201412201 1099.6 294.8 1099.6 313.9 1073.0 313.9 1073.0 294.8
458 0.508213818073 384.6 371.3 384.6 386.6 350.0 386.6 350.0 371.3
208 0.880272984505 1100.1 294.5 1100.1 315.0 1072.6 315.0 1072.6 294.5
2724 0.943126022816 1090.2 310.4 1085.2 325.7 1061.0 317.2 1065.9 301.9
289 0.642773807049 1100.6 300.3 1096.7 316.2 1072.3 309.9 1076.3 294.0
289 0.170300707221 922.8 1069.5 904.7 1073.1 897.0 1041.4 915.0 1037.7
4524 0.866724431515 1090.9 311.5 1082.0 327.3 1061.4 315.8 1070.3 300.0
2895 0.155658498406 438.3 363.4 438.3 379.6 404.1 379.6 404.1 363.4
6400 0.771542429924 1091.8 317.4 1083.6 334.2 1061.6 323.7 1069.8 306.9
6338 0.347654849291 1087.5 315.5 1079.4 330.4 1061.1 321.1 1069.3 306.2
4410 0.890798926353 1089.9 308.7 1083.4 327.2 1060.9 318.1 1067.5 299.6
2783 0.907996594906 1089.2 305.6 1089.2 324.9 1062.0 324.9 1062.0 305.6
6045 0.170826241374 1092.9 319.9 1083.2 333.4 1067.4 321.3 1077.2 307.9
6243 0.212560355663 670.3 94.0 670.3 117.1 655.8 117.1 655.8 94.0
2603 0.761259555817 1092.4 309.3 1087.8 326.6 1062.1 318.7 1066.8 301.4
1899 0.784029245377 1097.3 308.8 1091.4 325.1 1068.2 317.5 1074.2 301.2
2802 0.867214739323 1088.3 306.1 1088.3 322.8 1062.0 322.8 1062.0 306.1
6258 0.258384287357 1088.1 317.0 1076.4 329.4 1061.7 318.1 1073.4 305.7
288 0.802021443844 1101.3 299.7 1097.1 317.0 1072.6 310.3 1076.8 293.0
196 0.567569255829 1100.3 295.0 1100.3 313.6 1074.0 313.6 1074.0 295.0
1851 0.862116932869 1096.0 301.5 1096.0 324.8 1067.6 324.8 1067.6 301.5
6239 0.382687628269 1087.9 316.8 1076.9 329.8 1061.8 319.5 1072.7 306.5
2656 0.880041062832 1087.9 304.9 1087.9 321.2 1063.6 321.2 1063.6 304.9
6391 0.806712508202 1091.5 318.4 1082.1 334.4 1061.4 322.5 1070.8 306.5
186 0.728288173676 1100.3 295.4 1100.3 313.1 1073.6 313.1 1073.6 295.4
2489 0.741093099117 1093.4 310.5 1087.3 326.8 1063.5 318.6 1069.6 302.3
6470 0.68017244339 1092.2 318.8 1081.2 334.9 1060.1 321.9 1071.2 305.8
2704 0.872310221195 1091.0 309.0 1086.0 325.5 1061.4 317.8 1066.4 301.2
461 0.663024365902 1100.7 293.6 1100.7 312.9 1072.7 312.9 1072.7 293.6
514 0.683948099613 1102.3 306.2 1091.6 318.1 1075.8 308.2 1086.5 296.3
1835 0.463489383459 1096.5 310.3 1087.7 324.5 1068.4 315.6 1077.2 301.4
5277 0.565774917603 1087.4 311.5 1080.8 327.3 1058.7 318.6 1065.3 302.9
544 0.657466650009 1102.9 306.2 1093.5 320.7 1074.9 309.5 1084.3 295.0
5636 0.530287981033 1094.0 321.0 1083.6 334.0 1067.3 319.5 1077.7 306.6
6341 0.300672262907 1090.8 318.6 1078.0 333.2 1061.6 321.5 1074.4 306.9
1864 0.84592717886 1098.2 310.6 1090.5 327.3 1067.6 316.6 1075.3 299.9
607 0.854203641415 1100.2 303.4 1094.0 319.5 1070.9 310.8 1077.1 294.7
2781 0.900065600872 1088.2 305.7 1088.2 322.7 1062.0 322.7 1062.0 305.7
508 0.906410098076 1100.6 297.8 1100.6 315.2 1074.4 315.2 1074.4 297.8
6265 0.471578747034 1089.5 317.1 1078.1 330.5 1061.4 319.2 1072.8 305.8
2766 0.76531714201 1091.2 312.2 1083.6 326.5 1061.5 317.0 1069.1 302.7
5274 0.591824948788 1087.2 311.8 1080.5 327.5 1058.6 318.5 1065.3 302.7
453 0.808931529522 1099.7 302.8 1086.2 313.5 1071.5 303.8 1084.9 293.1
5332 0.802144706249 1085.9 311.6 1079.2 327.1 1059.0 319.9 1065.7 304.4
5249 0.795148611069 1086.8 311.4 1080.3 327.9 1057.8 319.3 1064.3 302.7
5249 0.138261809945 939.6 588.2 939.6 616.3 917.6 616.3 917.6 588.2
6281 0.838564097881 1086.5 306.3 1086.5 328.6 1060.3 328.6 1060.3 306.3
618 0.792684972286 1101.0 304.4 1093.6 318.8 1072.1 310.1 1079.5 295.7
649 0.521530091763 1103.6 310.3 1091.8 323.9 1074.6 310.6 1086.4 296.9
183 0.774996936321 1100.2 295.2 1100.2 313.8 1074.1 313.8 1074.1 295.2
4464 0.905857205391 1090.9 309.2 1084.7 326.7 1061.5 317.5 1067.7 300.0
5631 0.539225876331 1093.6 320.9 1082.3 333.9 1067.1 320.0 1078.3 306.9
2495 0.6899548769 1093.6 310.7 1087.0 327.5 1063.3 318.9 1069.9 302.2
6367 0.614334106445 1093.0 324.8 1078.4 336.2 1065.9 318.8 1080.4 307.3
328 0.102399051189 881.2 967.0 864.2 970.4 857.2 938.9 874.2 935.6
270 0.735990524292 1099.1 295.1 1099.1 313.9 1072.6 313.9 1072.6 295.1
2529 0.847267746925 1092.9 310.8 1086.4 326.4 1063.8 317.7 1070.3 302.1
4755 0.910741150379 1089.7 308.6 1083.1 325.7 1059.4 315.3 1066.0 298.1
6272 0.522149384022 1086.8 316.2 1076.4 329.0 1060.2 318.8 1070.5 306.0
617 0.809918224812 1100.8 304.3 1093.4 318.8 1071.3 310.1 1078.6 295.6
4772 0.721036612988 1089.7 309.1 1081.5 326.4 1058.7 316.1 1066.9 298.7
6192 0.599003851414 1088.3 316.7 1076.2 331.0 1059.6 318.9 1071.7 304.6
2763 0.657185614109 1091.5 311.5 1085.5 326.7 1061.3 317.6 1067.4 302.4
4860 0.764799594879 1091.2 310.6 1080.9 327.8 1060.5 316.6 1070.8 299.4
4460 0.898838579655 1090.4 301.9 1090.4 324.8 1062.6 324.8 1062.6 301.9
6240 0.20383310318 673.4 96.6 673.4 117.4 656.8 117.4 656.8 96.6
99 0.801749944687 1099.5 294.5 1099.5 314.2 1071.9 314.2 1071.9 294.5
99 0.164769545197 1010.2 531.5 1010.2 562.5 990.9 562.5 990.9 531.5
2576 0.596688628197 1093.0 311.0 1085.7 327.8 1062.7 318.2 1070.1 301.4
554 0.501426100731 1097.1 295.6 1097.1 313.6 1070.6 313.6 1070.6 295.6
1845 0.868271589279 1096.1 310.3 1088.3 325.8 1067.1 316.2 1074.9 300.8
24 0.76607632637 1101.5 306.2 1089.3 316.9 1073.9 306.1 1086.1 295.3
4519 0.857515513897 1090.5 310.8 1083.2 327.3 1061.3 315.8 1068.7 299.3
6270 0.737220942974 1086.8 315.3 1078.6 328.6 1059.7 318.6 1067.9 305.3
2524 0.887968122959 1094.0 310.2 1087.9 326.7 1063.7 318.1 1069.8 301.6
174 0.871108472347 1099.9 295.9 1099.9 314.0 1073.6 314.0 1073.6 295.9
2728 0.933925747871 1090.0 309.9 1085.4 325.8 1060.3 317.7 1064.9 301.9
4408 0.905892014503 1090.0 309.1 1083.0 327.5 1059.8 317.7 1066.8 299.3
138 0.876474320889 1101.1 302.0 1094.8 315.7 1072.1 307.7 1078.4 294.0
4575 0.863230407238 1090.0 308.7 1082.3 326.2 1060.3 317.3 1068.0 299.7
4362 0.820463001728 1089.9 311.6 1082.8 328.4 1061.3 317.8 1068.3 301.0
1863 0.815048992634 1098.1 309.9 1091.9 327.5 1067.7 317.6 1073.9 300.0
6346 0.386551916599 1092.0 324.2 1077.1 334.3 1066.6 317.6 1081.5 307.6
6361 0.621848285198 1092.7 325.8 1077.0 336.1 1066.8 318.0 1082.5 307.7
385 0.726941108704 1101.7 299.5 1097.8 317.2 1070.8 310.0 1074.7 292.4
385 0.147790402174 1916.1 778.8 1916.1 795.7 1877.8 795.7 1877.8 778.8
4461 0.915833413601 1090.0 308.1 1085.3 325.1 1062.1 318.4 1066.8 301.3
4518 0.854800760746 1091.3 311.4 1083.0 327.0 1061.7 316.0 1070.0 300.3
1858 0.920794487 1095.8 301.9 1095.8 324.2 1067.8 324.2 1067.8 301.9
6241 0.127044662833 1088.7 306.9 1088.7 329.0 1061.9 329.0 1061.9 306.9
2528 0.872787535191 1093.4 310.6 1087.3 326.5 1063.9 318.0 1070.0 302.1
6436 0.615709006786 1092.4 326.5 1078.8 336.4 1067.4 318.8 1081.0 308.9
429 0.767560720444 1100.4 299.2 1095.4 316.0 1070.5 308.9 1075.6 292.1
120 0.585478246212 1100.2 296.6 1100.2 314.2 1074.4 314.2 1074.4 296.6
5251 0.778936207294 1087.1 311.3 1080.7 328.0 1058.0 319.4 1064.4 302.8
614 0.841719388962 1100.8 304.0 1093.7 318.8 1071.2 310.3 1078.3 295.5
5143 0.310621589422 1088.2 309.7 1081.1 325.3 1058.7 315.6 1065.8 300.0
5611 0.265145152807 1093.4 321.7 1082.3 334.3 1068.1 320.7 1079.2 308.1
79 0.746651113033 1100.7 294.8 1100.7 315.0 1072.8 315.0 1072.8 294.8
19 0.532568871975 1101.8 295.9 1101.8 314.6 1073.6 314.6 1073.6 295.9
2584 0.570242583752 1092.6 310.9 1085.1 327.9 1063.3 318.6 1070.9 301.5
2459 0.670419931412 1091.5 308.5 1087.9 326.3 1062.1 319.8 1065.6 302.0
625 0.719894230366 1102.6 307.0 1094.3 321.8 1073.8 310.5 1082.1 295.7
5310 0.656109929085 1086.6 311.3 1080.1 328.1 1058.0 320.2 1064.5 303.4
86 0.565034091473 1100.2 294.5 1100.2 314.3 1071.8 314.3 1071.8 294.5
2670 0.905444741249 1089.0 304.6 1089.0 322.4 1063.3 322.4 1063.3 304.6
31 0.813608109951 1103.1 303.9 1094.1 320.0 1073.0 309.3 1082.0 293.2
5650 0.468450576067 1094.4 322.6 1083.1 335.1 1067.6 320.0 1078.9 307.5
5333 0.795940220356 1086.8 312.7 1079.6 328.3 1059.5 319.7 1066.8 304.1
2800 0.882860898972 1088.2 306.1 1088.2 322.5 1062.4 322.5 1062.4 306.1
4405 0.857771575451 1090.8 309.2 1083.7 328.4 1060.4 318.7 1067.5 299.5
2549 0.785623788834 1093.7 311.8 1086.5 328.6 1066.3 318.6 1073.5 301.8
20 0.395604759455 1101.3 296.6 1101.3 315.6 1074.1 315.6 1074.1 296.6
18 0.547076106071 1101.8 295.7 1101.8 314.6 1074.2 314.6 1074.2 295.7
5604 0.27478826046 1094.4 321.4 1083.9 335.0 1066.9 321.9 1077.4 308.3
6295 0.638163566589 1085.9 307.1 1085.9 328.8 1061.3 328.8 1061.3 307.1
4889 0.845735728741 1090.6 309.1 1083.5 326.6 1060.1 316.5 1067.2 299.0
4673 0.887020349503 1089.4 310.2 1082.2 326.0 1060.2 315.6 1067.4 299.8
480 0.819507479668 1102.2 301.6 1096.5 318.4 1072.4 310.1 1078.1 293.3
2517 0.874960899353 1093.8 311.6 1087.9 327.3 1064.7 317.8 1070.6 302.1
2720 0.938293635845 1090.9 310.6 1085.7 325.9 1061.1 317.2 1066.2 301.8
4513 0.873777806759 1090.8 310.8 1083.8 327.1 1061.3 315.9 1068.3 299.6
6444 0.591797351837 1092.6 323.9 1079.0 336.0 1065.3 319.0 1078.9 306.8
422 0.75478464365 1100.9 299.2 1096.0 316.6 1070.9 309.8 1075.9 292.3
570 0.688404798508 1097.6 296.8 1097.6 315.6 1070.0 315.6 1070.0 296.8
104 0.546153485775 1099.3 295.1 1099.3 314.4 1072.8 314.4 1072.8 295.1
391 0.579372286797 1100.7 294.7 1100.7 315.6 1071.4 315.6 1071.4 294.7
602 0.867777585983 1099.4 297.5 1099.4 317.2 1072.2 317.2 1072.2 297.5
386 0.523515105247 1101.9 300.6 1096.5 317.2 1070.9 309.1 1076.4 292.5
386 0.146070599556 1914.7 778.2 1914.7 795.5 1876.0 795.5 1876.0 778.2
1917 0.914788126945 1096.6 308.3 1091.5 325.6 1066.2 316.8 1071.2 299.5
64 0.782646000385 1102.9 304.3 1092.7 319.1 1072.6 308.9 1082.8 294.1
2775 0.92503452301 1089.7 311.8 1083.0 325.3 1061.6 317.6 1068.3 304.1
398 0.853634476662 1100.1 295.0 1100.1 313.5 1072.0 313.5 1072.0 295.0
228 0.7670789361 1101.6 301.7 1093.2 318.1 1071.2 308.9 1079.6 292.6
228 0.477658063173 818.1 994.2 818.1 1026.0 792.3 1026.0 792.3 994.2
87 0.76337069273 1100.0 294.7 1100.0 314.7 1072.3 314.7 1072.3 294.7
383 0.746231138706 1101.5 299.5 1098.0 317.1 1070.8 309.9 1074.3 292.3
4667 0.873181939125 1089.8 309.2 1083.6 325.6 1060.5 316.9 1066.7 300.5
6475 0.748230814934 1092.0 317.1 1082.8 334.1 1060.8 322.6 1070.1 305.5
542 0.677320122719 1102.9 306.0 1094.1 321.0 1074.0 309.8 1082.8 294.8
4660 0.878492474556 1089.7 309.9 1082.4 326.3 1061.2 316.2 1068.5 299.7
5666 0.223260357976 1094.3 319.5 1083.9 333.2 1067.9 320.1 1078.3 306.4
4676 0.885667920113 1089.4 309.5 1082.4 325.2 1059.8 315.8 1066.8 300.1
2654 0.895831465721 1088.3 304.7 1088.3 321.2 1063.5 321.2 1063.5 304.7
2926 0.185287058353 543.6 335.5 543.6 354.5 503.9 354.5 503.9 335.5
4754 0.889817714691 1089.6 308.6 1083.0 324.9 1060.3 315.4 1066.9 299.1
4771 0.699765205383 1089.6 308.6 1082.1 326.0 1058.5 316.1 1066.0 298.7
6437 0.492669165134 1092.9 326.0 1079.0 336.0 1067.5 318.3 1081.4 308.3
27 0.677270591259 1102.3 303.4 1094.1 319.1 1073.7 310.0 1081.9 294.3
189 0.69039529562 1100.0 295.2 1100.0 313.2 1074.1 313.2 1074.1 295.2
2710 0.911170184612 1091.0 308.7 1086.2 325.0 1060.8 317.3 1065.5 301.0
550 0.541460931301 1099.2 296.5 1099.2 316.7 1073.5 316.7 1073.5 296.5
2767 0.800854325294 1090.9 312.1 1083.4 326.6 1061.8 317.5 1069.2 303.0
2819 0.926634669304 1089.8 312.0 1084.6 327.3 1060.5 320.0 1065.7 304.7
1852 0.662948191166 1096.1 302.5 1096.1 323.0 1068.9 323.0 1068.9 302.5
4401 0.856331408024 1090.9 309.6 1084.1 328.7 1061.0 319.1 1067.8 300.0
2757 0.813174009323 1090.4 311.5 1083.7 327.3 1060.4 318.1 1067.1 302.3
2493 0.756874918938 1093.3 311.4 1085.9 327.9 1063.2 318.8 1070.6 302.3
581 0.843797028065 1101.4 302.7 1094.7 318.4 1070.6 310.5 1077.3 294.8
2984 0.160026267171 24.7 621.8 24.7 637.9 -0.7 637.9 -0.7 621.8
4400 0.877242803574 1090.6 309.5 1083.3 328.4 1060.6 318.6 1067.9 299.7
2521 0.893473386765 1093.6 311.5 1087.5 327.1 1064.3 318.0 1070.4 302.5
4371 0.826688230038 1090.9 312.0 1083.8 329.9 1061.0 319.1 1068.1 301.2
2609 0.729479372501 1091.7 309.8 1085.7 326.0 1062.7 318.1 1068.7 301.9
63 0.782001912594 1102.8 303.6 1093.7 319.3 1072.5 309.3 1081.5 293.6
518 0.669401407242 1103.0 304.5 1095.6 319.7 1075.3 310.6 1082.7 295.4
4465 0.877778768539 1091.0 309.2 1084.8 327.3 1061.4 317.9 1067.7 299.7
2620 0.868165016174 1090.5 310.0 1082.8 324.6 1062.4 317.2 1070.1 302.6
2520 0.875693678856 1094.4 309.4 1088.8 326.4 1064.1 317.9 1069.6 300.8
5559 0.508036255836 1094.9 321.5 1083.0 334.9 1065.5 320.5 1077.5 307.1
555 0.528519928455 1097.3 296.0 1097.3 313.8 1070.6 313.8 1070.6 296.0
4390 0.84767472744 1091.2 310.1 1082.8 328.3 1060.6 317.7 1068.9 299.5
439 0.800900161266 1099.7 298.7 1094.6 314.4 1071.3 308.4 1076.4 292.7
621 0.811092972755 1100.9 305.2 1093.4 319.7 1072.0 310.0 1079.6 295.5
2828 0.757531344891 1089.9 312.6 1083.6 326.8 1060.4 319.5 1066.7 305.3
6231 0.701265573502 1086.6 306.4 1086.6 327.7 1060.7 327.7 1060.7 306.4
102 0.564308464527 1099.5 295.7 1099.5 314.2 1072.7 314.2 1072.7 295.7
4424 0.84783154726 1089.1 308.1 1083.0 325.8 1061.2 317.8 1067.2 300.2
6335 0.390435039997 1090.4 319.8 1076.8 333.2 1061.1 320.7 1074.7 307.4
435 0.775358140469 1100.3 298.8 1094.7 315.2 1070.6 308.8 1076.1 292.4
4496 0.862762451172 1091.8 311.1 1082.4 327.7 1061.4 315.9 1070.8 299.3
2645 0.922848582268 1089.0 303.9 1089.0 323.8 1062.0 323.8 1062.0 303.9
2645 0.160499855876 1902.6 613.4 1902.6 628.5 1864.6 628.5 1864.6 613.4
2645 0.129582643509 167.0 615.6 167.0 633.5 120.2 633.5 120.2 615.6
2645 0.11432980001 1273.6 835.4 1251.1 838.3 1249.4 817.8 1271.8 814.9
1922 0.918695747852 1095.5 307.9 1090.2 325.0 1066.1 316.4 1071.4 299.3
5659 0.274077624083 1094.1 319.4 1084.4 333.2 1067.9 320.4 1077.5 306.5
156 0.74981623888 1099.9 294.6 1099.9 313.2 1072.7 313.2 1072.7 294.6
139 0.871219396591 1100.9 302.4 1094.0 315.8 1072.1 307.5 1079.0 294.1
2500 0.749166309834 1094.0 310.8 1087.2 327.5 1063.8 318.8 1070.5 302.1
2717 0.938568294048 1091.0 310.0 1085.6 325.9 1060.9 317.0 1066.3 301.1
1911 0.89098739624 1097.2 308.0 1091.8 326.4 1066.6 317.8 1072.0 299.4
6299 0.590896248817 1089.2 319.4 1077.3 332.6 1061.2 319.1 1073.2 306.0
5144 0.443052649498 1088.3 310.0 1081.1 325.7 1058.5 315.9 1065.7 300.2
484 0.823012053967 1103.2 302.2 1097.0 318.9 1073.0 310.2 1079.2 293.5
37 0.835891902447 1103.0 305.3 1093.5 320.6 1072.9 308.4 1082.5 293.1
560 0.433568894863 1096.9 296.2 1096.9 313.8 1070.7 313.8 1070.7 296.2
2599 0.694067418575 1091.9 309.0 1087.4 326.0 1062.1 318.5 1066.6 301.6
4344 0.909370779991 1090.1 312.2 1082.6 328.4 1059.4 318.1 1067.0 301.8
661 0.82876765728 1101.1 303.5 1094.3 320.0 1070.8 310.5 1077.6 293.9
3683 0.153493791819 1897.4 539.8 1897.4 556.0 1859.4 556.0 1859.4 539.8
5145 0.414420545101 1088.1 310.0 1080.5 325.5 1058.5 315.7 1066.1 300.2
6467 0.735405862331 1092.0 319.2 1081.0 334.9 1060.3 321.6 1071.3 305.8
443 0.872528374195 1099.7 299.7 1093.9 314.6 1071.0 308.2 1076.7 293.3
6353 0.496787816286 1091.9 324.5 1076.8 335.1 1066.5 318.3 1081.7 307.7
5306 0.563061892986 1085.7 312.4 1080.1 327.5 1058.7 319.7 1064.3 304.6
98 0.807037949562 1099.8 294.6 1099.8 314.7 1072.0 314.7 1072.0 294.6
5254 0.58553570509 1087.1 311.0 1079.9 328.0 1058.0 319.8 1065.2 302.8
267 0.784804105759 1098.9 295.2 1098.9 313.8 1072.5 313.8 1072.5 295.2
4363 0.802090883255 1091.1 311.9 1084.2 329.5 1061.3 319.1 1068.3 301.6
5610 0.348473966122 1094.2 321.3 1083.9 334.9 1067.2 321.4 1077.6 307.8
2480 0.822181999683 1091.8 303.6 1091.8 324.2 1065.6 324.2 1065.6 303.6
4506 0.860949397087 1091.3 310.9 1082.6 327.4 1061.3 315.9 1070.0 299.4
4819 0.695502460003 1091.1 310.2 1082.2 327.6 1061.4 317.1 1070.3 299.7
2806 0.889351248741 1087.9 306.1 1087.9 323.1 1061.5 323.1 1061.5 306.1
6421 0.583725988865 1092.2 325.0 1076.8 335.6 1065.8 318.0 1081.2 307.4
195 0.633359074593 1099.7 295.0 1099.7 313.0 1073.8 313.0 1073.8 295.0
5136 0.506735742092 1087.2 309.9 1080.6 324.3 1058.7 315.5 1065.2 301.1
2831 0.716874599457 1090.0 312.5 1083.2 327.0 1060.8 319.4 1067.6 304.9
509 0.920613765717 1100.4 297.6 1100.4 314.7 1074.4 314.7 1074.4 297.6
6262 0.652330935001 1087.3 315.3 1077.4 329.1 1060.0 319.1 1069.9 305.3
4900 0.768019974232 1091.4 309.1 1083.3 327.0 1059.4 316.9 1067.5 299.0
6039 0.109661214054 1093.4 321.9 1080.4 334.1 1067.6 319.0 1080.7 306.8
182 0.72785025835 1100.3 295.9 1100.3 313.3 1073.1 313.3 1073.1 295.9
4523 0.870480656624 1091.0 311.6 1082.2 327.4 1061.4 315.8 1070.2 300.0
6392 0.720367610455 1091.5 318.4 1081.3 333.7 1061.6 322.4 1071.8 307.1
6381 0.821594953537 1091.2 318.2 1082.0 334.1 1061.2 322.3 1070.4 306.4
556 0.679085493088 1096.4 296.9 1096.4 313.9 1070.0 313.9 1070.0 296.9
5130 0.142625272274 1087.9 308.6 1081.0 324.2 1059.2 316.6 1066.0 301.1
657 0.849705517292 1101.2 304.2 1093.5 320.6 1070.8 310.2 1078.4 293.8
4351 0.895126283169 1090.5 312.4 1083.0 328.5 1060.8 317.5 1068.3 301.5
2673 0.909178853035 1089.6 303.8 1089.6 323.4 1063.0 323.4 1063.0 303.8
5269 0.640323877335 1087.5 311.2 1081.3 327.4 1058.0 319.1 1064.2 302.8
4570 0.795998811722 1090.1 308.6 1082.3 326.4 1059.9 316.9 1067.6 299.1
395 0.820846676826 1099.5 295.2 1099.5 313.4 1072.2 313.4 1072.2 295.2
395 0.629616260529 549.2 317.8 549.2 335.6 509.8 335.6 509.8 317.8
395 0.101474091411 487.0 340.3 487.0 356.1 452.4 356.1 452.4 340.3
6345 0.35612231493 1090.3 318.0 1078.4 333.3 1061.0 322.1 1072.8 306.8
5649 0.367591530085 1094.0 322.4 1081.8 334.7 1068.0 319.7 1080.2 307.4
2752 0.911919236183 1090.1 311.5 1083.2 326.9 1060.0 317.7 1066.9 302.4
6308 0.417804181576 1092.7 323.9 1079.2 335.0 1066.0 319.2 1079.5 308.1
2672 0.869052827358 1088.7 304.0 1088.7 322.7 1063.0 322.7 1063.0 304.0
382 0.449237376451 1101.6 300.5 1096.5 317.1 1070.7 309.6 1075.8 292.9
512 0.853324830532 1100.8 297.3 1100.8 315.0 1075.9 315.0 1075.9 297.3
412 0.853275775909 1100.3 294.2 1100.3 314.9 1071.2 314.9 1071.2 294.2
565 0.398344010115 1096.9 295.8 1096.9 313.8 1070.2 313.8 1070.2 295.8
107 0.555283010006 1100.1 295.5 1100.1 315.2 1072.7 315.2 1072.7 295.5
378 0.485243201256 1101.3 300.6 1096.1 317.2 1070.7 309.5 1075.9 292.9
2708 0.907930552959 1091.2 309.1 1085.9 325.6 1061.1 317.4 1066.4 300.9
155 0.773745834827 1099.8 294.5 1099.8 314.2 1072.4 314.2 1072.4 294.5
4484 0.828328669071 1092.0 310.4 1083.4 327.3 1061.2 316.2 1069.7 299.4
2554 0.829931914806 1093.7 311.5 1085.6 329.1 1064.8 318.6 1072.9 301.0
14 0.330210000277 1101.8 296.4 1101.8 315.5 1073.6 315.5 1073.6 296.4
632 0.359904587269 1103.5 309.6 1093.3 322.9 1075.4 310.9 1085.6 297.6
6412 0.799943864346 1091.9 318.3 1082.7 334.5 1060.7 322.5 1069.9 306.3
272 0.738178312778 1099.0 294.9 1099.0 313.5 1072.3 313.5 1072.3 294.9
143 0.744036197662 1100.3 295.1 1100.3 314.2 1072.7 314.2 1072.7 295.1
60 0.858771324158 1102.4 304.4 1093.5 319.9 1072.4 309.2 1081.3 293.8
4504 0.868931472301 1091.2 311.0 1082.4 327.4 1061.3 316.1 1070.1 299.6
5652 0.465397536755 1093.9 323.1 1082.3 335.0 1067.6 319.6 1079.2 307.7
6339 0.400134772062 1086.9 316.2 1078.1 330.6 1060.9 320.5 1069.7 306.1
6250 0.218444406986 1086.7 314.3 1077.1 326.7 1062.5 318.9 1072.1 306.5
6042 0.126526415348 1093.3 319.4 1083.4 333.1 1067.0 321.2 1076.9 307.5
4502 0.85262876749 1091.4 310.8 1082.0 327.4 1061.5 316.1 1070.9 299.4
631 0.476175159216 1103.7 310.4 1091.4 323.6 1074.8 310.1 1087.1 296.9
488 0.811354994774 1102.4 302.3 1095.4 319.4 1072.5 310.0 1079.6 292.9
488 0.328495681286 810.1 1009.2 795.7 1017.1 787.0 992.2 801.4 984.4
4759 0.914916753769 1089.6 308.5 1083.2 325.8 1059.7 316.3 1066.1 299.0
2663 0.8350867033 1088.7 305.8 1088.7 321.2 1063.8 321.2 1063.8 305.8
6273 0.563774704933 1086.8 307.0 1086.8 327.7 1061.1 327.7 1061.1 307.0
5561 0.524583876133 1094.5 321.9 1082.8 335.1 1065.7 320.4 1077.5 307.2
4358 0.863713383675 1090.4 311.7 1083.2 328.8 1061.1 318.5 1068.2 301.4
486 0.83552390337 1103.0 301.8 1097.0 319.1 1072.6 310.4 1078.5 293.1
164 0.850481927395 1100.4 301.7 1093.1 315.2 1072.3 307.2 1079.6 293.7
4580 0.878503441811 1089.2 308.5 1082.7 325.5 1060.0 317.0 1066.4 300.0
2637 0.104839339852 192.2 617.4 192.2 633.6 164.6 633.6 164.6 617.4
6429 0.557851493359 1091.7 325.8 1076.9 334.9 1067.7 317.6 1082.5 308.5
152 0.731568753719 1099.9 295.1 1099.9 313.1 1073.0 313.1 1073.0 295.1
4382 0.858021736145 1090.7 310.9 1083.0 328.6 1061.0 317.7 1068.7 300.0
4514 0.863354504108 1090.6 311.0 1083.1 327.3 1061.4 315.7 1068.9 299.4
548 0.641481161118 1100.0 295.7 1100.0 317.2 1072.9 317.2 1072.9 295.7
4680 0.870395302773 1089.4 310.1 1081.8 325.7 1060.2 315.6 1067.8 300.0
4385 0.881009161472 1090.8 310.3 1083.3 328.6 1060.6 318.0 1068.1 299.6
2626 0.874206423759 1090.2 310.6 1082.2 325.2 1062.0 317.4 1070.0 302.8
4364 0.763400971889 1091.2 312.1 1084.1 329.7 1061.5 319.5 1068.6 301.9
5317 0.610270321369 1085.0 312.2 1079.7 326.7 1058.5 319.2 1063.8 304.8
57 0.851384997368 1103.0 305.5 1093.5 320.8 1072.8 309.3 1082.3 294.0
6261 0.512172520161 1087.3 316.3 1077.0 329.3 1060.8 318.8 1071.1 305.8
503 0.78098732233 1101.1 296.5 1101.1 315.4 1074.1 315.4 1074.1 296.5
503 0.103093497455 780.0 944.8 780.0 976.3 758.2 976.3 758.2 944.8
6374 0.717173337936 1091.7 318.6 1081.6 334.1 1061.7 322.5 1071.8 307.0
5320 0.702698767185 1085.6 311.1 1079.2 326.9 1057.4 320.0 1063.8 304.3
154 0.783045530319 1099.6 295.1 1099.6 313.1 1072.7 313.1 1072.7 295.1
2461 0.66641330719 1091.2 309.1 1087.5 326.5 1062.4 320.3 1066.1 302.8
683 0.819599151611 1100.0 302.7 1094.3 318.7 1071.1 310.5 1076.8 294.6
424 0.776213824749 1101.3 299.3 1096.7 317.1 1070.7 309.6 1075.3 291.7
424 0.126365020871 1122.1 961.1 1122.1 993.9 1103.2 993.9 1103.2 961.1
6267 0.650886774063 1087.3 315.4 1078.7 329.3 1059.5 318.7 1068.1 304.8
5330 0.768178522587 1085.0 305.6 1085.0 326.0 1059.5 326.0 1059.5 305.6
687 0.837609767914 1100.1 302.2 1095.0 318.2 1070.9 310.6 1076.0 294.6
6383 0.815471768379 1091.5 318.0 1082.5 334.2 1060.9 322.8 1069.9 306.6
6382 0.739647626877 1091.9 318.6 1081.8 334.2 1062.0 322.8 1072.1 307.2
376 0.497752100229 1101.6 300.5 1096.0 317.3 1070.5 309.5 1076.1 292.6
4674 0.88736987114 1089.6 309.7 1082.7 325.6 1060.0 315.8 1067.0 299.9
6286 0.750917315483 1086.6 306.5 1086.6 328.9 1060.9 328.9 1060.9 306.5
2816 0.936905503273 1089.0 312.3 1083.4 325.8 1061.0 319.1 1066.7 305.6
229 0.898178100586 1101.8 303.2 1091.7 318.5 1071.4 307.5 1081.5 292.2
229 0.336324185133 814.5 992.0 814.5 1022.5 792.6 1022.5 792.6 992.0
4333 0.888958334923 1090.0 312.2 1082.6 328.4 1059.9 318.6 1067.2 302.4
608 0.874907135963 1100.5 303.5 1094.4 319.2 1070.8 310.4 1076.9 294.7
5621 0.471005171537 1094.0 321.6 1082.7 334.2 1067.7 320.1 1079.0 307.5
377 0.490530818701 1101.6 300.6 1096.2 317.1 1070.9 309.3 1076.4 292.8
4353 0.87034869194 1089.5 311.7 1083.0 327.6 1060.7 317.4 1067.3 301.5
2793 0.891633749008 1088.9 306.5 1088.9 323.9 1062.8 323.9 1062.8 306.5
171 0.595100045204 1099.7 295.9 1099.7 314.4 1073.2 314.4 1073.2 295.9
4567 0.830235004425 1090.7 308.4 1083.3 326.5 1060.3 317.3 1067.7 299.3
4757 0.80313038826 1089.9 308.9 1083.6 325.2 1060.1 316.1 1066.5 299.8
2772 0.921028614044 1090.2 311.9 1083.9 327.1 1061.0 318.3 1067.2 303.1
2772 0.196934849024 1132.1 940.4 1132.1 974.5 1112.9 974.5 1112.9 940.4
4510 0.834246754646 1090.7 310.5 1083.4 327.4 1061.4 316.0 1068.8 299.1
2719 0.93779361248 1091.0 310.0 1086.0 326.0 1060.8 317.3 1065.8 301.3
2580 0.610784709454 1091.9 309.1 1087.1 326.8 1062.0 319.1 1066.8 301.4
396 0.832672715187 1100.1 295.2 1100.1 314.2 1072.3 314.2 1072.3 295.2
396 0.543763101101 549.8 317.3 549.8 336.0 509.3 336.0 509.3 317.3
396 0.17724108696 490.7 340.0 490.7 356.0 455.4 356.0 455.4 340.0
2777 0.882628023624 1089.7 311.3 1083.3 325.5 1061.7 318.0 1068.1 303.9
669 0.765014410019 1100.5 294.7 1100.5 318.4 1072.0 318.4 1072.0 294.7
2467 0.791053056717 1092.9 310.2 1087.7 327.0 1064.5 318.7 1069.7 301.9
4764 0.920124948025 1090.1 308.7 1082.6 327.1 1058.7 316.2 1066.2 297.8
4330 0.884751737118 1089.5 311.9 1081.6 328.2 1059.2 318.3 1067.0 301.9
2749 0.909904420376 1089.8 310.3 1084.8 326.7 1060.0 318.6 1065.1 302.2
6443 0.633179724216 1092.3 324.7 1078.3 336.0 1065.9 318.3 1079.9 307.0
4557 0.852670311928 1091.0 308.9 1083.3 327.3 1060.1 317.6 1067.8 299.2
1837 0.32634678483 1096.4 311.3 1086.1 323.8 1068.4 314.5 1078.8 302.0
2471 0.801694333553 1093.1 310.9 1087.4 327.2 1064.5 318.7 1070.1 302.4
5341 0.853908717632 1087.9 311.6 1080.9 329.7 1059.2 321.4 1066.2 303.3
574 0.61096394062 1099.3 302.2 1094.0 316.8 1071.8 309.9 1077.1 295.3
1847 0.77802413702 1096.9 310.2 1088.6 325.6 1068.2 316.6 1076.5 301.2
4498 0.84822177887 1091.5 311.0 1082.5 327.3 1061.8 316.2 1070.8 299.9
572 0.588562309742 1098.9 295.9 1098.9 316.4 1069.4 316.4 1069.4 295.9
2755 0.780796408653 1090.7 312.2 1082.6 327.8 1060.6 317.9 1068.8 302.3
2498 0.684442698956 1093.5 311.1 1086.6 327.9 1063.3 319.0 1070.2 302.2
6424 0.633692443371 1092.2 308.0 1092.2 334.6 1066.6 334.6 1066.6 308.0
4500 0.842918932438 1090.3 310.6 1083.0 328.2 1061.7 317.1 1069.0 299.5
5181 0.853014290333 1083.9 308.7 1079.6 324.5 1054.1 316.6 1058.4 300.9
4701 0.681020736694 1088.5 302.3 1088.5 323.1 1062.5 323.1 1062.5 302.3
5271 0.681471467018 1087.2 311.5 1080.6 327.6 1058.0 318.9 1064.6 302.8
2611 0.830753982067 1091.4 310.1 1084.1 326.1 1062.0 317.8 1069.3 301.8
553 0.692863941193 1096.3 296.3 1096.3 314.4 1069.8 314.4 1069.8 296.3
34 0.846002161503 1103.0 305.4 1093.1 320.4 1072.6 308.3 1082.4 293.3
483 0.248024404049 819.3 1002.9 819.3 1030.9 798.6 1030.9 798.6 1002.9
4770 0.912991821766 1090.1 308.2 1083.1 326.9 1058.7 317.2 1065.7 298.5
2726 0.937899231911 1090.0 310.2 1085.1 325.9 1060.6 317.5 1065.4 301.9
546 0.631108403206 1101.2 307.7 1088.0 319.1 1074.2 306.9 1087.4 295.5
223 0.889935791492 1101.9 301.3 1094.4 318.8 1070.7 308.8 1078.2 291.3
2469 0.806287288666 1093.1 310.7 1087.4 327.2 1064.0 318.7 1069.7 302.1
1909 0.842153012753 1097.3 307.7 1092.2 325.4 1067.2 318.2 1072.3 300.5
1833 0.230027481914 1096.5 310.8 1085.8 323.6 1068.8 314.6 1079.5 301.8
5273 0.564564049244 1086.8 311.5 1079.8 327.5 1058.3 319.2 1065.2 303.2
490 0.86210078001 1102.7 301.7 1096.8 318.7 1072.4 310.3 1078.3 293.2
490 0.153462022543 807.2 978.4 807.2 1011.8 784.4 1011.8 784.4 978.4
6318 0.232331901789 1093.8 321.9 1080.8 334.3 1066.2 320.3 1079.2 308.0
2817 0.927111327648 1089.6 311.9 1084.6 326.8 1060.9 319.9 1065.8 305.0
227 0.877476155758 1101.6 302.9 1091.7 318.3 1070.9 307.7 1080.9 292.3
227 0.442276924849 820.9 1001.3 820.9 1030.3 797.4 1030.3 797.4 1001.3
103 0.850121855736 1099.9 294.4 1099.9 315.4 1071.2 315.4 1071.2 294.4
6310 0.20742662251 1092.9 324.4 1077.9 334.7 1066.1 317.8 1081.2 307.5
6450 0.639182269573 1092.9 324.6 1078.2 335.9 1065.3 317.6 1079.9 306.2
2938 0.115513540804 569.4 320.2 569.4 338.6 529.6 338.6 529.6 320.2
2765 0.672544658184 1091.6 311.7 1086.1 328.1 1061.1 319.0 1066.6 302.6
2492 0.699931681156 1093.0 311.2 1085.8 327.5 1063.2 318.6 1070.3 302.3
2718 0.93113052845 1091.0 310.0 1086.4 325.9 1061.1 317.5 1065.8 301.5
4428 0.853533267975 1088.9 307.8 1082.8 325.7 1060.6 318.1 1066.8 300.2
5129 0.148649722338 1087.8 308.7 1081.3 323.9 1059.3 316.6 1065.9 301.4
5575 0.751070857048 1091.6 316.7 1083.6 333.2 1061.4 322.0 1069.4 305.5
5575 0.104070544243 1199.2 789.8 1199.2 803.7 1162.2 803.7 1162.2 789.8
401 0.866815149784 1099.9 295.0 1099.9 313.1 1072.2 313.1 1072.2 295.0
5619 0.458430498838 1093.5 321.6 1082.2 333.8 1067.8 319.6 1079.2 307.4
5619 0.146637633443 1712.1 511.9 1712.1 528.8 1677.7 528.8 1677.7 511.9
2788 0.892628371716 1088.9 306.3 1088.9 324.0 1062.5 324.0 1062.5 306.3
590 0.8751501441 1101.0 302.9 1095.4 318.0 1071.6 311.4 1077.2 296.4
454 0.676183283329 1099.9 294.3 1099.9 313.9 1072.6 313.9 1072.6 294.3
2723 0.936645269394 1089.8 311.0 1084.3 326.0 1060.4 317.1 1065.8 302.1
471 0.747589409351 1101.6 304.2 1090.8 316.7 1073.3 307.1 1084.1 294.6
2509 0.771291136742 1094.2 310.7 1088.3 326.9 1063.7 318.3 1069.7 302.1
2830 0.914684176445 1090.2 313.0 1083.6 327.7 1060.4 319.5 1067.0 304.8
4568 0.870303213596 1089.8 308.6 1083.6 327.3 1059.9 317.7 1066.1 299.0
2666 0.880134642124 1088.3 305.1 1088.3 321.4 1063.7 321.4 1063.7 305.1
6284 0.729610919952 1086.4 317.8 1075.9 330.0 1060.8 318.8 1071.4 306.6
6333 0.347522586584 1090.4 319.8 1077.6 333.5 1061.7 320.5 1074.5 306.8
1856 0.893022596836 1095.8 302.7 1095.8 323.1 1068.6 323.1 1068.6 302.7
643 0.49411842227 1103.1 310.3 1091.1 322.4 1075.3 309.4 1087.4 297.3
2465 0.749459147453 1093.1 309.8 1088.8 326.8 1064.7 318.9 1068.9 301.9
259 0.793389737606 1099.4 294.6 1099.4 314.8 1071.8 314.8 1071.8 294.6
2486 0.741775393486 1092.0 310.2 1085.9 325.2 1064.6 318.1 1070.7 303.2
5329 0.722490906715 1084.7 305.7 1084.7 325.8 1059.3 325.8 1059.3 305.7
69 0.803121209145 1100.3 294.4 1100.3 315.7 1072.1 315.7 1072.1 294.4
473 0.55670940876 439.6 378.4 439.6 392.9 402.0 392.9 402.0 378.4
2698 0.854942679405 1090.3 309.2 1085.0 325.4 1061.0 317.7 1066.3 301.5
2623 0.792550444603 1089.5 304.0 1089.5 323.4 1063.5 323.4 1063.5 304.0
4355 0.871656417847 1090.6 311.9 1083.5 328.5 1061.0 318.0 1068.1 301.4
394 0.822974085808 1099.6 294.9 1099.6 313.8 1072.3 313.8 1072.3 294.9
394 0.410108625889 546.1 318.6 546.1 336.0 509.3 336.0 509.3 318.6
140 0.703355312347 1100.2 295.1 1100.2 314.5 1072.8 314.5 1072.8 295.1
230 0.900881826878 1101.9 303.6 1090.7 318.4 1071.6 307.0 1082.8 292.2
4449 0.933845281601 1089.2 303.0 1089.2 322.9 1062.9 322.9 1062.9 303.0
447 0.725778639317 1099.6 294.3 1099.6 314.1 1070.8 314.1 1070.8 294.3
1900 0.717469930649 1097.9 308.1 1093.0 326.2 1068.6 318.7 1073.5 300.6
2550 0.835628569126 1094.2 312.2 1085.4 328.9 1065.8 317.5 1074.7 300.7
2638 0.914872348309 1090.1 310.3 1083.9 324.2 1062.1 317.3 1068.3 303.3
2638 0.122853271663 1847.5 607.5 1847.5 623.5 1811.6 623.5 1811.6 607.5
2741 0.920347750187 1090.2 310.7 1084.7 326.5 1060.7 318.0 1066.2 302.2
5184 0.833301901817 1083.4 309.2 1078.7 323.8 1054.9 316.4 1059.5 301.8
5638 0.526812791824 1093.9 322.0 1082.8 334.5 1067.2 319.2 1078.3 306.7
656 0.865682661533 1101.3 303.9 1094.3 320.5 1070.7 310.6 1077.6 294.0
2504 0.765817046165 1093.2 311.2 1085.4 327.5 1063.7 318.4 1071.4 302.1
4402 0.865329504013 1090.9 309.2 1084.0 328.1 1060.9 318.8 1067.7 299.9
4595 0.852203309536 1089.0 307.1 1085.2 324.8 1060.2 318.1 1064.0 300.4
2784 0.895871937275 1088.3 306.1 1088.3 322.5 1062.5 322.5 1062.5 306.1
407 0.846547305584 1099.7 295.1 1099.7 313.8 1072.1 313.8 1072.1 295.1
2758 0.745279014111 1091.1 312.0 1084.2 327.1 1060.9 317.6 1067.7 302.5
2625 0.833446085453 1090.0 303.8 1090.0 324.1 1063.5 324.1 1063.5 303.8
456 0.816205203533 1100.4 293.0 1100.4 313.7 1071.9 313.7 1071.9 293.0
456 0.335136950016 380.8 369.5 380.8 386.8 343.0 386.8 343.0 369.5
6334 0.377020299435 1090.4 320.1 1076.3 333.1 1061.2 320.0 1075.3 307.0
4463 0.873543918133 1091.4 308.8 1084.3 326.3 1061.4 317.4 1068.5 299.9
23 0.667652130127 1101.3 295.9 1101.3 315.6 1074.3 315.6 1074.3 295.9
4404 0.878808557987 1091.0 309.6 1083.6 328.4 1061.0 318.7 1068.4 299.9
436 0.736490786076 1099.9 298.3 1094.7 314.7 1070.6 308.8 1075.8 292.4
390 0.819506168365 1101.0 299.6 1096.5 315.9 1071.5 309.6 1076.0 293.3
2786 0.889300227165 1088.9 306.4 1088.9 323.5 1062.9 323.5 1062.9 306.4
6440 0.650188267231 1092.3 325.3 1078.2 336.9 1066.2 319.6 1080.3 308.1
4443 0.750912964344 1089.1 303.1 1089.1 322.2 1062.8 322.2 1062.8 303.1
610 0.836132228374 1101.1 304.0 1094.1 319.2 1071.1 310.2 1078.0 295.0
6347 0.387843281031 1087.6 316.4 1078.3 331.0 1061.0 320.7 1070.3 306.1
2538 0.879591405392 1094.7 312.4 1085.6 328.6 1064.6 316.7 1073.6 300.5
4332 0.899582803249 1089.8 312.3 1082.4 328.6 1059.8 318.6 1067.2 302.3
5324 0.770091533661 1084.7 306.0 1084.7 325.2 1059.3 325.2 1059.3 306.0
6474 0.705572545528 1092.3 319.1 1081.0 335.1 1060.1 321.8 1071.4 305.8
6406 0.414654165506 1092.8 318.7 1082.1 333.8 1062.5 322.4 1073.2 307.3
132 0.634524226189 1101.0 301.9 1094.0 316.0 1072.5 308.4 1079.5 294.3
646 0.679638028145 1102.9 308.5 1093.7 322.6 1074.4 310.6 1083.6 296.5
1916 0.920072078705 1096.5 307.7 1091.9 325.4 1065.9 316.9 1070.5 299.2
2821 0.943544387817 1089.5 312.8 1083.3 327.1 1060.3 319.1 1066.6 304.8
4340 0.893856406212 1089.7 311.6 1082.0 328.3 1059.0 318.2 1066.7 301.5
4897 0.836352407932 1090.4 308.1 1083.5 326.2 1059.4 316.8 1066.3 298.7
2664 0.85689920187 1088.9 305.4 1088.9 321.9 1063.8 321.9 1063.8 305.4
459 0.7565574646 1100.1 293.6 1100.1 312.8 1072.2 312.8 1072.2 293.6
459 0.574145436287 389.2 370.6 389.2 387.3 353.8 387.3 353.8 370.6
4328 0.883051812649 1089.1 311.7 1081.9 328.1 1059.0 318.4 1066.1 302.0
6403 0.714498102665 1091.9 317.4 1083.6 333.7 1061.4 323.0 1069.7 306.7
6311 0.260013490915 1093.5 321.9 1081.2 334.1 1065.5 320.3 1077.7 308.1
5268 0.699762225151 1087.3 311.4 1080.7 327.6 1058.5 319.1 1065.0 302.9
199 0.685789525509 1099.9 294.6 1099.9 313.4 1073.3 313.4 1073.3 294.6
690 0.756935298443 1099.9 303.3 1092.7 318.2 1071.1 309.6 1078.4 294.7
6446 0.594694793224 1092.4 324.1 1078.3 335.8 1065.1 317.9 1079.3 306.1
6422 0.396430104971 1092.4 325.0 1075.8 334.0 1067.2 316.2 1083.9 307.2
2472 0.818359971046 1092.8 310.9 1087.1 326.9 1064.5 318.5 1070.2 302.5
2813 0.89682662487 1088.8 311.4 1083.3 325.6 1060.5 319.7 1066.0 305.5
6368 0.646637737751 1092.2 319.1 1082.4 335.0 1062.2 323.1 1072.0 307.2
2571 0.737999737263 1093.1 311.3 1085.7 328.5 1062.6 318.4 1070.0 301.2
2463 0.667351126671 1091.2 309.2 1087.2 326.6 1062.3 320.0 1066.3 302.6
2578 0.539890170097 1093.0 310.9 1085.7 328.1 1062.7 318.8 1070.1 301.6
5312 0.529841482639 1086.2 313.0 1078.9 327.9 1059.0 319.5 1066.3 304.6
651 0.814198315144 1102.0 306.7 1093.4 322.4 1072.5 310.3 1081.2 294.7
630 0.390035033226 1103.6 309.9 1091.2 323.2 1075.1 310.4 1087.5 297.0
2803 0.872961580753 1088.4 306.2 1088.4 322.7 1061.9 322.7 1061.9 306.2
5667 0.149999514222 1094.6 319.3 1085.2 333.8 1068.2 321.0 1077.5 306.5
580 0.849553287029 1100.4 303.2 1093.9 318.3 1070.9 310.1 1077.4 295.0
5574 0.733627915382 1091.5 317.1 1083.9 333.3 1061.6 322.0 1069.2 305.8
660 0.802130460739 1101.2 304.1 1094.9 320.7 1071.4 310.6 1077.7 293.9
4338 0.898853123188 1089.8 312.1 1081.8 328.6 1059.2 318.4 1067.2 301.9
2658 0.868531227112 1088.8 305.0 1088.8 322.0 1063.7 322.0 1063.7 305.0
500 0.809121787548 1100.8 296.4 1100.8 315.8 1073.6 315.8 1073.6 296.4
500 0.124263495207 783.2 953.9 783.2 983.2 767.5 983.2 767.5 953.9
5307 0.576860368252 1085.7 312.1 1080.3 327.3 1059.0 319.7 1064.4 304.4
438 0.78605812788 1099.8 298.5 1094.5 314.3 1071.1 308.4 1076.3 292.6
4336 0.89271992445 1089.7 311.7 1082.5 328.1 1059.5 318.6 1066.7 302.1
463 0.67478966713 1100.5 293.7 1100.5 312.9 1072.9 312.9 1072.9 293.7
6469 0.678220868111 1092.4 319.2 1080.8 335.4 1060.2 322.0 1071.8 305.8
5810 0.265628159046 1094.4 320.9 1082.0 334.9 1067.1 321.0 1079.5 307.1
5302 0.566076040268 1086.3 311.5 1080.5 326.8 1059.0 319.5 1064.7 304.2
562 0.442301362753 1096.5 295.9 1096.5 313.6 1070.5 313.6 1070.5 295.9
4366 0.801268398762 1090.6 312.8 1082.6 329.6 1061.9 317.6 1069.8 300.8
6481 0.774628996849 1092.3 317.9 1081.6 334.1 1060.8 321.1 1071.5 304.8
70 0.821461975574 1100.6 308.2 1082.3 316.5 1072.1 302.7 1090.4 294.4
2685 0.895159065723 1088.8 310.6 1081.0 323.4 1062.3 316.0 1070.0 303.2
127 0.89963889122 1101.5 301.1 1096.0 317.1 1071.9 309.3 1077.4 293.3
6402 0.7483933568 1092.1 317.9 1083.3 334.2 1061.4 323.2 1070.2 306.8
5637 0.348309099674 1094.9 321.3 1082.8 333.9 1068.2 318.9 1080.3 306.4
4561 0.87809664011 1090.3 308.8 1083.2 327.3 1059.8 316.9 1066.9 298.4
2829 0.841838479042 1089.3 312.7 1082.6 326.7 1060.2 319.4 1066.8 305.4
6337 0.414017140865 1087.3 306.5 1087.3 329.9 1060.6 329.9 1060.6 306.5
4857 0.745940089226 1091.6 310.5 1080.8 327.3 1060.6 315.8 1071.3 299.0
45 0.845355570316 1102.8 305.2 1094.0 321.3 1072.3 309.6 1081.1 293.5
2543 0.866465985775 1094.5 312.4 1085.7 328.8 1065.3 317.0 1074.2 300.7
5175 0.815852165222 1083.9 308.6 1079.1 325.3 1053.4 316.9 1058.3 300.2
2562 0.837081670761 1093.7 311.0 1086.7 328.3 1064.8 318.3 1071.7 300.9
112 0.644922435284 1100.1 295.5 1100.1 315.6 1072.6 315.6 1072.6 295.5
6280 0.776964128017 1087.4 318.3 1073.9 329.7 1059.9 317.0 1073.4 305.6
6349 0.410363674164 1091.3 318.8 1078.4 333.7 1061.7 321.0 1074.6 306.2
2536 0.857131004333 1094.0 312.6 1085.7 328.9 1064.1 316.6 1072.3 300.3
662 0.830962359905 1101.1 303.0 1094.4 319.8 1071.0 310.8 1077.7 294.0
6288 0.774353921413 1086.9 318.6 1073.6 329.7 1060.0 317.2 1073.3 306.1
212 0.712654411793 1101.3 302.8 1092.3 317.7 1070.9 308.1 1079.9 293.2
2761 0.62397480011 1091.4 311.9 1084.2 327.4 1062.0 317.7 1069.2 302.2
2488 0.735080480576 1092.4 310.6 1085.1 326.4 1063.7 318.3 1070.9 302.5
198 0.673968017101 1099.6 294.7 1099.6 313.3 1073.4 313.3 1073.4 294.7
6364 0.590632081032 1092.8 325.0 1077.7 336.2 1066.2 318.8 1081.4 307.6
6375 0.716085970402 1091.6 318.6 1081.2 333.7 1061.7 322.2 1072.0 307.0
5616 0.335607260466 1093.9 321.2 1082.3 333.7 1068.6 319.8 1080.2 307.4
2639 0.894589066505 1089.6 303.6 1089.6 324.8 1062.3 324.8 1062.3 303.6
2639 0.253405481577 1855.8 607.7 1855.8 623.6 1817.6 623.6 1817.6 607.7
2639 0.109382115304 1289.5 809.6 1289.5 829.2 1264.7 829.2 1264.7 809.6
4666 0.862791240215 1089.5 309.7 1083.0 325.9 1060.5 316.7 1067.1 300.4
445 0.740030348301 1099.8 294.1 1099.8 314.3 1070.9 314.3 1070.9 294.1
379 0.500475287437 1101.7 300.7 1096.1 317.1 1070.7 309.0 1076.3 292.6
667 0.806324243546 1100.9 302.4 1094.5 318.8 1071.9 310.8 1078.3 294.4
492 0.255210787058 801.9 1001.0 785.3 1006.7 779.8 982.3 796.4 976.5
2824 0.940036356449 1089.9 312.6 1083.7 327.1 1060.6 319.1 1066.8 304.6
22 0.624184668064 1101.3 295.9 1101.3 315.6 1074.3 315.6 1074.3 295.9
2736 0.921876728535 1089.9 310.2 1084.1 326.4 1059.3 317.8 1065.1 301.5
2809 0.893064439297 1088.3 305.9 1088.3 323.6 1061.1 323.6 1061.1 305.9
603 0.84298491478 1099.7 296.7 1099.7 318.0 1072.0 318.0 1072.0 296.7
432 0.641706764698 1100.6 299.4 1094.6 315.7 1071.1 308.4 1077.0 292.1
432 0.157857269049 1126.5 983.1 1126.5 1016.9 1106.5 1016.9 1106.5 983.1
4766 0.711850345135 1089.9 309.6 1081.1 326.9 1058.3 315.4 1067.1 298.1
2770 0.869458317757 1090.3 312.1 1082.5 326.3 1061.9 317.3 1069.7 303.1
2770 0.355123609304 1132.2 933.7 1132.2 967.9 1112.0 967.9 1112.0 933.7
543 0.717192411423 1102.1 306.4 1091.6 320.1 1073.4 308.1 1084.0 294.5
5602 0.273100912571 1094.2 321.6 1083.5 334.8 1067.0 321.3 1077.7 308.1
5272 0.652134776115 1086.9 311.4 1080.5 327.3 1057.9 318.7 1064.3 302.8
2937 0.19494278729 570.2 320.5 570.2 340.1 529.5 340.1 529.5 320.5
4560 0.832971453667 1090.6 308.5 1083.3 327.0 1059.8 317.6 1067.1 299.0
51 0.847098588943 1102.9 304.8 1094.6 321.2 1073.0 309.9 1081.4 293.6
495 0.183687761426 794.8 967.7 794.8 996.0 775.2 996.0 775.2 967.7
2535 0.856503546238 1094.1 312.1 1085.8 328.2 1064.6 317.1 1072.9 301.0
2811 0.91561216116 1088.5 305.7 1088.5 324.4 1060.9 324.4 1060.9 305.7
257 0.656180858612 1099.4 295.3 1099.4 313.5 1072.3 313.5 1072.3 295.3
6271 0.618525147438 1087.0 315.6 1077.4 329.6 1059.7 319.6 1069.2 305.6
415 0.811387479305 1100.5 299.7 1097.2 315.8 1071.1 309.5 1074.4 293.4
489 0.862034797668 1102.7 301.7 1096.8 318.8 1072.7 310.0 1078.6 292.9
6256 0.280112355947 1087.3 316.2 1076.6 328.8 1061.8 319.1 1072.5 306.5
5640 0.529411613941 1094.2 322.0 1082.7 334.4 1067.2 318.8 1078.8 306.4
2487 0.698010623455 1091.5 310.0 1084.2 325.0 1064.7 317.9 1072.1 302.9
6041 0.102874532342 1093.4 319.4 1083.7 332.7 1067.1 320.9 1076.8 307.7
4861 0.797005474567 1091.1 310.4 1080.6 327.7 1060.6 316.4 1071.1 299.0
576 0.622051954269 1099.6 301.5 1095.4 318.2 1071.4 312.2 1075.7 295.4
2592 0.573659241199 1093.5 308.4 1089.1 326.9 1062.1 318.9 1066.6 300.3
2714 0.935794115067 1091.1 309.6 1086.3 325.3 1061.5 317.1 1066.3 301.4
2619 0.761723518372 1089.7 304.4 1089.7 322.9 1064.1 322.9 1064.1 304.4
28 0.802770197392 1102.4 304.4 1093.3 318.9 1073.3 308.8 1082.4 294.3
5613 0.341463118792 1093.4 322.1 1081.8 334.4 1067.8 320.7 1079.4 308.4
4578 0.870199263096 1089.3 308.5 1082.8 325.7 1060.1 317.1 1066.5 299.8
2778 0.878596305847 1089.8 311.9 1083.3 325.4 1061.7 317.7 1068.2 304.3
2556 0.825581014156 1093.7 311.4 1085.9 329.2 1064.5 318.7 1072.4 300.9
4887 0.802610397339 1090.3 308.6 1083.6 326.1 1059.6 316.6 1066.2 299.1
6418 0.726352453232 1091.8 318.4 1082.0 334.0 1061.5 322.5 1071.3 306.9
4777 0.924112677574 1089.7 308.1 1083.6 326.1 1059.2 317.0 1065.2 299.0
526 0.77494508028 1102.9 305.9 1094.1 321.0 1074.1 308.8 1082.8 293.6
4459 0.870937347412 1090.9 301.4 1090.9 325.2 1062.9 325.2 1062.9 301.4
4416 0.871709048748 1088.7 308.1 1082.8 324.9 1061.4 318.0 1067.4 301.2
6486 0.588259637356 1092.2 319.8 1079.0 334.9 1060.8 320.4 1074.0 305.4
96 0.561973690987 1099.4 294.9 1099.4 314.0 1072.2 314.0 1072.2 294.9
569 0.409712314606 1098.5 296.8 1098.5 315.7 1072.7 315.7 1072.7 296.8
623 0.786675751209 1101.8 306.1 1093.6 321.0 1072.8 310.3 1081.0 295.5
4373 0.859422922134 1091.1 311.9 1083.7 329.9 1060.6 318.7 1067.9 300.6
4388 0.8732406497 1091.2 310.9 1082.5 329.0 1060.9 317.9 1069.5 299.8
83 0.599459707737 1099.6 294.6 1099.6 313.9 1071.8 313.9 1071.8 294.6
6460 0.78556573391 1091.6 317.7 1082.2 334.3 1060.3 321.3 1069.7 304.7
5133 0.141128391027 1088.6 309.5 1081.4 324.4 1059.3 315.8 1066.5 300.9
6482 0.803470730782 1092.0 318.1 1081.1 334.4 1060.7 321.1 1071.6 304.8
4387 0.868961811066 1090.7 310.3 1083.7 328.3 1060.9 317.7 1067.9 299.7
123 0.837532401085 1100.3 296.0 1100.3 315.0 1073.5 315.0 1073.5 296.0
5345 0.668410658836 1089.8 313.3 1081.1 330.3 1060.2 320.8 1068.9 303.7
5557 0.338845998049 1094.8 322.4 1082.4 335.1 1066.4 320.3 1078.8 307.6
2815 0.941873908043 1088.8 311.9 1083.3 325.0 1061.0 318.7 1066.5 305.7
6435 0.598193764687 1092.2 326.6 1078.7 336.5 1067.7 318.8 1081.3 309.0
6372 0.725550591946 1092.0 318.1 1083.2 334.8 1061.6 323.7 1070.4 307.0
6253 0.120456002653 1087.5 305.6 1087.5 326.6 1061.4 326.6 1061.4 305.6
2506 0.767610490322 1094.3 310.2 1088.3 326.7 1063.6 318.5 1069.6 302.1
575 0.631043851376 1099.8 301.4 1095.9 318.3 1071.7 312.0 1075.6 295.2
1902 0.814004361629 1097.3 307.9 1092.8 325.7 1068.3 318.4 1072.8 300.6
652 0.821564912796 1102.1 306.9 1093.5 322.2 1072.6 309.9 1081.2 294.6
5594 0.485396444798 1093.5 322.8 1080.5 335.7 1066.0 320.8 1079.0 307.9
36 0.816752076149 1103.4 304.5 1094.5 320.6 1072.8 308.9 1081.7 292.7
203 0.836597561836 1099.8 294.9 1099.8 314.4 1072.7 314.4 1072.7 294.9
676 0.735824882984 1099.7 295.5 1099.7 317.7 1072.6 317.7 1072.6 295.5
5556 0.371231257915 1094.9 320.8 1083.5 334.4 1065.6 320.9 1076.9 307.3
6454 0.674616634846 1090.8 318.4 1080.9 334.0 1061.1 320.9 1071.0 305.3
6483 0.795197188854 1092.2 318.3 1081.4 334.4 1060.6 321.0 1071.4 305.0
2674 0.924492359161 1089.5 303.5 1089.5 323.8 1062.7 323.8 1062.7 303.5
5257 0.602970600128 1087.1 311.4 1079.8 327.9 1058.5 319.7 1065.8 303.1
2567 0.819206237793 1093.3 311.2 1085.9 328.4 1063.0 318.3 1070.3 301.1
549 0.627850174904 1099.8 295.7 1099.8 316.8 1073.2 316.8 1073.2 295.7
2799 0.890105962753 1088.2 305.9 1088.2 322.4 1062.5 322.4 1062.5 305.9
6350 0.459532558918 1092.4 325.3 1077.1 334.8 1066.9 317.2 1082.2 307.7
2547 0.770346403122 1094.3 312.8 1086.4 329.5 1066.1 317.9 1074.0 301.2
479 0.82045096159 1102.4 303.3 1095.8 319.0 1073.0 309.7 1079.5 294.0
233 0.475676357746 808.9 1010.0 790.6 1016.5 784.2 991.3 802.5 984.8
4893 0.659759759903 1090.8 309.0 1083.0 326.6 1059.3 316.5 1067.1 298.9
4507 0.863580346107 1091.4 310.9 1082.6 327.6 1061.3 316.2 1070.1 299.4
2738 0.939149975777 1090.3 310.2 1085.3 325.7 1060.6 317.8 1065.5 302.3
685 0.805738449097 1100.0 302.7 1094.7 318.7 1070.9 310.8 1076.2 294.8
278 0.846973776817 1099.0 295.4 1099.0 313.3 1072.5 313.3 1072.5 295.4
2604 0.674934864044 1090.9 303.3 1090.9 324.8 1063.0 324.8 1063.0 303.3
4445 0.921031057835 1089.5 302.8 1089.5 323.4 1062.7 323.4 1062.7 302.8
6191 0.501293480396 1090.6 317.4 1076.9 331.5 1060.7 318.3 1074.5 304.2
5296 0.50440955162 1086.6 311.6 1079.9 327.0 1058.5 319.0 1065.2 303.7
5280 0.562556684017 1087.8 311.7 1081.0 327.2 1059.2 318.5 1066.0 303.1
6439 0.640845179558 1092.2 326.4 1078.1 336.9 1067.0 319.0 1081.1 308.5
452 0.675648987293 1099.9 304.9 1086.0 314.1 1072.1 303.3 1086.0 294.2
75 0.768595337868 1100.4 295.1 1100.4 315.0 1072.5 315.0 1072.5 295.1
6304 0.367823839188 1092.3 324.8 1077.2 335.1 1066.1 317.3 1081.2 307.0
2512 0.858222305775 1093.9 310.8 1087.8 326.4 1063.5 317.8 1069.6 302.2
629 0.483611226082 1102.2 308.7 1091.0 321.8 1074.4 309.9 1085.6 296.8
2669 0.849935650826 1089.0 304.7 1089.0 322.0 1063.7 322.0 1063.7 304.7
419 0.763964235783 1100.9 300.5 1095.8 316.0 1070.8 308.2 1075.8 292.7
216 0.713290631771 1101.4 302.2 1093.5 318.3 1070.7 308.7 1078.6 292.5
5262 0.726920545101 1087.4 311.2 1080.8 327.8 1058.1 319.1 1064.7 302.5
2537 0.864951193333 1094.4 312.3 1085.4 328.3 1064.6 316.6 1073.6 300.6
4886 0.799612104893 1090.2 308.6 1083.3 326.1 1059.7 316.6 1066.6 299.1
1857 0.678270339966 1097.0 301.7 1097.0 324.1 1068.8 324.1 1068.8 301.7
425 0.783691704273 1100.1 299.3 1095.2 315.9 1070.5 309.0 1075.4 292.4
425 0.145999789238 1123.9 964.3 1123.9 997.1 1102.8 997.1 1102.8 964.3
185 0.788220524788 1099.9 295.1 1099.9 313.8 1073.9 313.8 1073.9 295.1
264 0.674950122833 1099.7 295.0 1099.7 313.2 1072.7 313.2 1072.7 295.0
469 0.572330474854 1100.5 294.0 1100.5 315.1 1072.9 315.1 1072.9 294.0
6378 0.809606850147 1091.4 318.5 1082.0 334.3 1061.6 322.2 1071.0 306.5
6228 0.704333543777 1086.4 314.9 1077.8 328.5 1059.7 319.9 1068.2 306.3
166 0.854681372643 1100.3 301.6 1092.9 315.4 1072.1 307.5 1079.5 293.8
2823 0.889535009861 1088.8 311.8 1082.8 326.6 1060.2 319.5 1066.3 304.8
2634 0.915924668312 1090.1 310.4 1083.9 325.0 1061.6 317.5 1067.8 302.9
4563 0.881155490875 1090.2 308.3 1083.6 327.1 1059.8 317.4 1066.5 298.5
397 0.852411150932 1099.6 295.1 1099.6 313.5 1071.9 313.5 1071.9 295.1
68 0.841902017593 1100.7 306.2 1086.2 316.7 1071.9 305.0 1086.4 294.6
1870 0.816094517708 1097.3 309.4 1091.2 327.6 1067.6 317.8 1073.7 299.6
1834 0.152251943946 1098.9 314.6 1085.9 326.5 1073.6 314.3 1086.6 302.4
33 0.859188854694 1103.1 305.0 1093.6 320.4 1072.6 308.7 1082.1 293.3
4505 0.886135697365 1091.3 311.0 1082.2 327.2 1061.4 315.7 1070.4 299.5
4357 0.859541118145 1089.7 311.8 1081.9 328.4 1061.0 317.5 1068.7 301.0
4347 0.908030867577 1090.4 312.2 1082.8 328.5 1060.1 318.0 1067.7 301.7
2586 0.653060078621 1093.2 309.0 1088.3 327.1 1062.0 318.7 1066.9 300.6
559 0.709616780281 1096.1 296.7 1096.1 313.3 1069.8 313.3 1069.8 296.7
175 0.887828886509 1100.1 296.1 1100.1 314.1 1073.8 314.1 1073.8 296.1
5645 0.400797784328 1094.1 321.0 1083.8 334.2 1067.4 320.1 1077.7 307.0
214 0.906025350094 1101.6 301.5 1094.6 318.8 1070.2 309.3 1077.2 292.0
214 0.196308672428 848.7 1055.0 826.6 1065.9 815.1 1040.8 837.2 1029.8
4331 0.816621124744 1088.1 311.1 1081.4 327.9 1058.5 319.0 1065.2 302.2
6479 0.620962202549 1092.3 319.5 1079.8 335.0 1060.2 321.2 1072.7 305.7
4753 0.715479373932 1089.2 308.5 1083.5 324.3 1060.2 316.2 1066.0 300.5
2760 0.511110424995 1091.4 311.9 1084.4 327.8 1061.3 318.2 1068.3 302.3
6034 0.206351786852 1092.9 321.8 1080.6 333.9 1067.7 319.1 1080.0 307.0
440 0.745388090611 1099.7 299.3 1094.3 315.0 1070.6 308.8 1076.0 293.2
557 0.668368577957 1096.0 297.0 1096.0 313.1 1070.1 313.1 1070.1 297.0
5590 0.581654012203 1093.0 322.8 1079.4 335.9 1065.0 320.5 1078.6 307.4
4817 0.742387354374 1091.8 310.5 1081.7 327.8 1061.0 316.4 1071.0 299.2
219 0.748694837093 1102.4 302.3 1094.2 319.2 1071.1 308.7 1079.2 291.8
108 0.613085210323 1100.1 295.6 1100.1 315.2 1072.9 315.2 1072.9 295.6
4418 0.882965385914 1088.9 301.9 1088.9 324.0 1061.7 324.0 1061.7 301.9
691 0.813618123531 1100.0 303.0 1094.1 319.5 1071.3 311.0 1077.2 294.5
4556 0.819991350174 1090.7 309.0 1083.1 327.0 1059.9 317.1 1067.5 299.1
4581 0.877848029137 1089.3 308.0 1083.1 325.5 1060.1 317.6 1066.3 300.2
4594 0.780593395233 1089.7 308.4 1084.1 324.9 1061.5 317.9 1067.0 301.4
6342 0.252010673285 1091.9 323.8 1076.4 333.7 1066.4 317.1 1082.0 307.2
637 0.432805389166 1103.6 310.9 1091.6 324.1 1075.0 310.7 1087.0 297.5
2551 0.763624191284 1093.4 311.6 1086.0 328.6 1065.5 318.6 1072.8 301.7
6385 0.822838902473 1091.5 317.4 1083.4 334.2 1060.6 323.5 1068.8 306.7
6416 0.684522926807 1092.3 318.5 1082.3 334.0 1062.0 322.2 1072.0 306.7
93 0.768738329411 1100.2 294.8 1100.2 314.4 1072.5 314.4 1072.5 294.8
5176 0.792072296143 1083.6 308.4 1078.9 324.9 1053.7 316.7 1058.3 300.1
605 0.864968776703 1100.4 304.0 1093.7 319.2 1071.5 310.5 1078.2 295.3
5137 0.288342446089 1087.7 309.8 1080.9 325.0 1058.7 316.1 1065.5 300.9
6484 0.778067529202 1092.0 318.0 1081.5 334.1 1061.0 321.5 1071.5 305.4
42 0.862695872784 1103.2 304.3 1094.3 320.5 1072.2 309.3 1081.1 293.1
493 0.868658304214 1102.5 301.2 1097.4 318.9 1072.3 311.0 1077.3 293.3
493 0.137222230434 798.5 972.4 798.5 1002.5 779.0 1002.5 779.0 972.4
168 0.589259624481 1099.5 301.6 1093.6 314.9 1071.9 307.8 1077.8 294.5
472 0.750318348408 1101.9 303.1 1093.7 317.4 1073.0 308.6 1081.2 294.3
640 0.381591469049 1103.7 310.4 1091.5 322.5 1075.5 309.6 1087.7 297.5
5314 0.646689832211 1087.0 311.2 1080.6 328.1 1057.7 320.9 1064.2 304.0
4592 0.776502072811 1089.2 308.1 1084.3 324.4 1061.2 318.0 1066.1 301.7
6328 0.294076889753 1092.2 323.8 1077.0 334.4 1066.8 318.1 1082.1 307.5
6344 0.376403361559 1092.0 323.7 1077.0 334.4 1066.3 318.1 1081.4 307.4
2812 0.914258241653 1088.5 305.9 1088.5 324.7 1060.8 324.7 1060.8 305.9
35 0.839026868343 1103.3 306.0 1093.0 320.5 1073.1 308.2 1083.4 293.6
4669 0.886530816555 1089.2 309.9 1082.5 325.4 1060.4 315.8 1067.1 300.3
4354 0.87356197834 1090.8 311.8 1083.8 328.5 1061.1 318.1 1068.2 301.4
5182 0.821037948132 1084.0 308.9 1079.3 324.5 1054.6 316.6 1059.3 301.0
6468 0.807203173637 1091.7 317.0 1082.5 333.9 1060.6 321.6 1069.8 304.7
1921 0.889111399651 1096.8 308.5 1091.1 325.6 1066.5 317.5 1072.3 300.4
4494 0.807335972786 1090.9 310.5 1082.8 328.4 1061.5 316.9 1069.5 299.0
2808 0.881412744522 1088.4 305.8 1088.4 323.5 1061.3 323.5 1061.3 305.8
6282 0.74020588398 1087.4 306.3 1087.4 329.1 1059.8 329.1 1059.8 306.3
6377 0.804625332355 1091.6 318.2 1082.6 334.2 1061.6 322.7 1070.7 306.7
4894 0.834230482578 1090.6 308.0 1083.4 326.2 1059.5 316.7 1066.7 298.5
5265 0.705668568611 1086.7 311.4 1080.6 327.2 1058.2 318.6 1064.3 302.8
496 0.84669649601 1101.7 301.8 1095.9 318.3 1072.7 310.9 1078.5 294.4
457 0.529901027679 384.2 369.7 384.2 387.0 347.6 387.0 347.6 369.7
190 0.671851456165 1100.0 295.1 1100.0 313.6 1074.0 313.6 1074.0 295.1
455 0.668615877628 1100.2 294.3 1100.2 314.1 1072.5 314.1 1072.5 294.3
131 0.62067013979 1100.8 301.6 1094.0 315.8 1072.4 308.5 1079.3 294.2
4582 0.877436757088 1089.3 308.3 1083.2 325.6 1060.1 317.5 1066.1 300.1
4550 0.836250424385 1090.8 310.0 1082.5 327.4 1060.9 317.0 1069.2 299.6
6442 0.582718729973 1091.9 320.6 1080.3 335.6 1061.7 321.2 1073.3 306.3
5587 0.603474199772 1092.1 317.5 1081.4 333.7 1061.5 321.5 1072.2 305.3
431 0.783509731293 1100.4 299.2 1094.9 316.1 1070.5 308.8 1076.1 292.0
6044 0.124428011477 1093.3 321.4 1080.7 333.8 1067.7 319.7 1080.3 307.3
25 0.790436625481 1101.9 305.4 1091.4 318.0 1073.5 307.7 1084.1 295.1
1854 0.750244379044 1097.0 301.7 1097.0 324.2 1068.7 324.2 1068.7 301.7
399 0.841690719128 1100.1 295.0 1100.1 313.5 1072.3 313.5 1072.3 295.0
6463 0.7424249053 1091.7 317.2 1082.2 334.2 1060.8 322.1 1070.2 305.1
5635 0.52060842514 1094.3 321.5 1083.5 334.0 1067.7 319.7 1078.5 307.1
6371 0.723038911819 1092.0 317.9 1083.1 334.8 1061.7 323.8 1070.7 306.9
634 0.393501192331 1105.0 313.1 1092.0 324.7 1078.7 309.3 1091.7 297.7
577 0.678100407124 1099.7 301.5 1095.4 318.5 1071.6 312.1 1075.8 295.1
231 0.434957683086 813.1 1012.9 795.8 1019.0 786.0 990.1 803.2 983.9
5671 0.194983661175 1094.5 318.7 1086.7 333.2 1068.7 320.6 1076.6 306.0
567 0.406095534563 1096.8 296.3 1096.8 315.1 1069.9 315.1 1069.9 296.3
444 0.764441668987 1099.8 300.4 1093.7 314.3 1071.3 307.9 1077.4 294.0
3674 0.105052754283 1820.1 533.8 1820.1 551.9 1782.2 551.9 1782.2 533.8
6309 0.301285415888 1092.8 324.6 1077.9 335.0 1066.0 318.3 1080.9 307.9
2711 0.844625353813 1090.8 309.1 1085.4 325.6 1060.9 317.4 1066.3 300.9
4548 0.834806799889 1090.4 310.3 1082.9 327.7 1060.8 316.5 1068.3 299.0
2503 0.704612612724 1093.2 311.1 1085.6 327.4 1063.5 318.5 1071.1 302.1
389 0.625413417816 1100.6 300.5 1096.7 316.1 1071.4 309.4 1075.3 293.7
4512 0.868315815926 1090.7 311.2 1083.3 326.9 1061.5 315.1 1068.9 299.4
4821 0.825030148029 1091.3 310.8 1081.0 327.7 1060.7 316.3 1071.0 299.4
6242 0.229956418276 671.1 94.7 671.1 117.5 656.6 117.5 656.6 94.7
158 0.765095174313 1099.8 293.9 1099.8 314.8 1072.6 314.8 1072.6 293.9
6425 0.614872574806 1092.4 308.0 1092.4 334.1 1066.9 334.1 1066.9 308.0
2671 0.861026525497 1088.9 304.1 1088.9 322.5 1063.1 322.5 1063.1 304.1
6322 0.258485734463 1090.6 319.5 1078.3 333.9 1061.6 321.6 1073.9 307.2
4551 0.882839620113 1090.1 309.6 1083.1 327.3 1060.1 316.4 1067.1 298.7
4391 0.808981060982 1090.9 311.2 1083.1 328.7 1061.2 317.5 1068.9 300.0
2677 0.909790217876 1089.3 304.3 1089.3 322.2 1063.5 322.2 1063.5 304.3
1836 0.178980514407 1097.5 310.4 1086.7 325.1 1069.3 316.8 1080.0 302.2
160 0.760196149349 1099.9 301.9 1092.2 314.0 1072.5 305.9 1080.2 293.9
1840 0.531873643398 1096.8 311.4 1086.8 324.9 1067.6 315.3 1077.6 301.8
2651 0.916855812073 1089.5 304.0 1089.5 324.4 1062.4 324.4 1062.4 304.0
2651 0.103183336556 1258.6 837.3 1242.0 847.5 1232.1 833.7 1248.8 823.6
2563 0.842740297318 1093.4 311.2 1086.3 328.6 1063.9 318.4 1071.0 301.1
81 0.782509446144 1100.7 294.7 1100.7 315.4 1072.6 315.4 1072.6 294.7
2597 0.665559232235 1091.6 309.5 1086.5 326.0 1062.3 318.4 1067.4 302.0
3030 0.12455739826 714.2 11.8 714.2 44.8 694.6 44.8 694.6 11.8
5258 0.647333264351 1086.9 311.4 1079.8 328.0 1058.5 319.8 1065.6 303.1
474 0.413394600153 442.6 378.7 442.6 393.4 403.6 393.4 403.6 378.7
5624 0.506154417992 1094.1 321.7 1082.5 334.2 1067.4 320.3 1079.0 307.7
5284 0.578260421753 1087.4 311.7 1080.8 327.0 1059.3 318.6 1065.8 303.3
2632 0.893098413944 1090.0 310.3 1083.8 325.0 1061.9 317.6 1068.1 302.8
2807 0.923742055893 1088.2 306.3 1088.2 323.5 1062.1 323.5 1062.1 306.3
180 0.639172971249 1100.4 295.8 1100.4 313.6 1072.5 313.6 1072.5 295.8
4555 0.877316772938 1090.1 309.7 1083.0 327.0 1060.1 316.4 1067.3 299.0
616 0.818298459053 1100.7 304.0 1093.3 318.4 1071.5 310.3 1078.9 296.0
2659 0.855545639992 1088.7 305.2 1088.7 321.9 1063.8 321.9 1063.8 305.2
144 0.759695529938 1100.0 295.1 1100.0 313.9 1072.7 313.9 1072.7 295.1
441 0.756961047649 1099.8 300.1 1093.4 315.2 1070.4 308.2 1076.7 293.2
92 0.749881267548 1099.7 294.8 1099.7 314.3 1072.4 314.3 1072.4 294.8
62 0.845844447613 1102.5 304.0 1093.5 319.4 1072.0 308.9 1081.0 293.4
5131 0.329061090946 1086.9 308.4 1080.6 323.6 1059.2 316.2 1065.5 301.0
5275 0.57534635067 1087.1 311.7 1080.7 327.4 1058.5 318.6 1065.0 302.9
1841 0.479788243771 1096.9 302.0 1096.9 324.7 1069.3 324.7 1069.3 302.0
2552 0.741696596146 1093.8 311.4 1087.0 328.8 1065.7 319.1 1072.6 301.7
2734 0.925025761127 1089.9 310.0 1084.3 326.7 1059.6 318.1 1065.3 301.5
4776 0.920605838299 1089.8 308.2 1083.4 326.1 1059.3 317.1 1065.8 299.3
2457 0.634471893311 1091.2 308.8 1087.9 326.0 1062.8 320.0 1066.1 302.7
5644 0.400866746902 1093.8 320.8 1083.6 334.2 1067.3 319.9 1077.5 306.5
4352 0.899429857731 1090.5 312.2 1083.4 328.5 1060.9 318.0 1068.0 301.7
502 0.123001821339 779.9 947.3 779.9 978.4 761.3 978.4 761.3 947.3
404 0.808723330498 1099.7 294.6 1099.7 313.6 1071.8 313.6 1071.8 294.6
664 0.823633849621 1101.1 303.3 1093.8 319.9 1071.2 310.7 1078.5 294.1
4769 0.762057602406 1089.9 309.1 1081.9 326.9 1058.3 316.1 1066.3 298.3
666 0.801373958588 1100.9 302.8 1095.4 319.6 1072.3 311.1 1077.8 294.3
4665 0.891065478325 1089.2 310.4 1082.5 326.3 1060.3 316.2 1066.9 300.3
4482 0.846126973629 1091.1 310.3 1084.4 327.9 1061.3 317.3 1067.9 299.7
2558 0.81557649374 1093.4 311.1 1086.5 328.8 1064.9 319.1 1071.9 301.3
5263 0.574214756489 1087.0 311.8 1079.2 328.1 1058.2 318.9 1066.0 302.6
494 0.117017418146 795.7 968.6 795.7 997.7 776.3 997.7 776.3 968.6
582 0.876941978931 1101.0 302.0 1095.7 318.2 1070.6 311.2 1075.9 295.0
654 0.782884538174 1101.7 306.6 1093.6 322.3 1072.6 310.3 1080.7 294.5
4774 0.790756642818 1090.2 308.7 1082.6 326.2 1059.6 316.8 1067.2 299.3
5603 0.32057723403 1094.0 322.2 1082.9 334.9 1067.9 321.0 1079.0 308.3
653 0.818851828575 1102.2 306.6 1093.3 322.2 1072.4 310.0 1081.3 294.3
2601 0.6354393363 1093.1 308.5 1088.6 326.8 1062.0 318.6 1066.6 300.4
2525 0.867527723312 1094.0 311.5 1087.3 327.4 1064.9 317.9 1071.5 302.0
6329 0.307803213596 1090.3 320.0 1077.1 333.0 1061.8 320.0 1075.1 307.0
2722 0.913587927818 1090.3 309.9 1084.6 325.6 1060.9 317.3 1066.6 301.5
476 0.777061462402 1102.0 302.8 1095.3 318.0 1072.5 309.5 1079.2 294.3
4758 0.905263483524 1089.7 308.0 1083.2 325.3 1059.8 315.8 1066.4 298.5
4383 0.873517513275 1090.6 310.6 1083.2 328.7 1060.9 317.9 1068.4 299.9
2667 0.834097504616 1088.8 305.0 1088.8 322.0 1063.7 322.0 1063.7 305.0
642 0.50370234251 1103.2 309.6 1091.8 322.3 1075.0 309.7 1086.4 297.0
150 0.76709395647 1099.9 294.9 1099.9 313.6 1073.2 313.6 1073.2 294.9
4414 0.740425407887 1090.5 307.3 1083.4 326.4 1061.4 319.2 1068.5 300.1
4393 0.859141588211 1090.8 309.5 1083.8 327.9 1060.8 318.2 1067.8 299.8
4360 0.831711173058 1089.8 311.8 1082.8 328.4 1061.4 318.1 1068.5 301.5
4337 0.903346657753 1090.0 312.1 1082.1 328.5 1059.4 318.4 1067.3 301.9
462 0.717041015625 1100.4 293.6 1100.4 313.2 1072.8 313.2 1072.8 293.6
4756 0.911154508591 1089.5 308.8 1082.8 325.4 1059.8 315.3 1066.4 298.8
4658 0.876846015453 1089.4 310.0 1082.0 326.6 1061.0 316.4 1068.4 299.8
181 0.78746509552 1100.5 295.5 1100.5 313.6 1074.2 313.6 1074.2 295.5
6327 0.330718696117 1090.0 319.6 1077.0 332.5 1061.7 319.7 1074.8 306.8
4457 0.906845629215 1090.6 309.0 1085.0 326.1 1062.0 317.7 1067.7 300.7
61 0.848146796227 1102.3 304.0 1094.1 319.9 1071.9 309.3 1080.1 293.5
658 0.829161167145 1101.4 303.9 1095.1 320.9 1071.6 311.0 1077.9 294.0
552 0.613812327385 1096.7 296.3 1096.7 314.6 1070.0 314.6 1070.0 296.3
4775 0.765660464764 1090.3 308.3 1082.9 326.4 1059.5 317.2 1066.8 299.1
4521 0.876801371574 1091.0 311.3 1082.9 327.8 1061.3 316.6 1069.4 300.1
5322 0.634245276451 1084.4 305.8 1084.4 325.7 1059.5 325.7 1059.5 305.8
2481 0.762193858624 1091.6 303.5 1091.6 323.7 1065.4 323.7 1065.4 303.5
2483 0.728895962238 1091.4 303.5 1091.4 324.4 1064.7 324.4 1064.7 303.5
426 0.735685229301 1100.2 299.3 1095.7 316.0 1070.2 309.1 1074.8 292.4
426 0.130758598447 1124.4 996.7 1107.1 1000.1 1101.4 970.2 1118.6 966.8
201 0.591459989548 1100.1 294.4 1100.1 314.5 1072.9 314.5 1072.9 294.4
137 0.540159463882 1100.4 301.9 1094.5 315.1 1072.3 308.2 1078.2 295.0
5253 0.581254243851 1087.4 311.0 1080.2 328.2 1058.4 319.9 1065.6 302.7
4558 0.863364815712 1090.9 308.9 1083.3 327.1 1060.5 317.4 1068.1 299.2
2746 0.897905051708 1090.3 310.5 1085.7 326.7 1060.3 318.4 1064.9 302.2
5660 0.239464968443 1094.2 319.2 1086.3 333.5 1068.4 320.8 1076.3 306.4
6312 0.172438532114 1092.7 324.0 1078.3 334.4 1066.6 318.4 1081.0 308.0
460 0.654973387718 1100.1 295.2 1100.1 313.9 1073.0 313.9 1073.0 295.2
613 0.853668689728 1100.8 303.9 1093.8 319.1 1071.8 310.5 1078.9 295.4
218 0.908189237118 1102.1 301.2 1095.1 318.9 1070.2 308.8 1077.1 291.0
6414 0.689939379692 1092.2 318.7 1082.5 334.1 1062.0 322.4 1071.8 307.0
5342 0.859825432301 1087.9 311.8 1080.8 329.8 1059.0 321.3 1066.1 303.3
558 0.72632586956 1096.1 296.9 1096.1 313.5 1069.8 313.5 1069.8 296.9
2476 0.837750792503 1093.1 310.8 1087.2 326.3 1065.3 318.0 1071.3 302.5
380 0.381554573774 1100.4 300.3 1096.9 316.1 1071.0 309.2 1074.5 293.4
4329 0.822045624256 1088.3 311.2 1082.0 327.4 1058.6 318.5 1064.8 302.3
78 0.768637180328 1100.9 295.1 1100.9 315.5 1073.0 315.5 1073.0 295.1
5625 0.528942167759 1094.0 321.4 1082.7 334.2 1067.4 320.3 1078.7 307.4
2686 0.926031351089 1090.3 310.3 1084.5 324.8 1062.0 316.8 1067.8 302.3
5633 0.44167432189 1094.9 321.8 1082.9 334.5 1068.0 319.8 1080.0 307.1
2820 0.933531522751 1089.8 312.3 1084.6 327.6 1060.3 320.0 1065.5 304.8
4576 0.892043530941 1089.4 308.5 1083.0 326.2 1059.7 316.8 1066.1 299.1
578 0.727740764618 1099.8 301.8 1095.4 318.5 1070.8 311.5 1075.3 294.8
95 0.754924535751 1099.5 294.9 1099.5 314.6 1072.1 314.6 1072.1 294.9
197 0.596209824085 1100.2 294.9 1100.2 313.7 1073.8 313.7 1073.8 294.9
2566 0.766355454922 1093.7 311.1 1086.1 328.3 1063.7 318.2 1071.3 300.9
2756 0.830266654491 1090.5 311.8 1083.4 327.5 1060.6 317.9 1067.7 302.3
2798 0.885408520699 1088.6 306.1 1088.6 322.9 1062.4 322.9 1062.4 306.1
501 0.92059135437 1100.8 296.8 1100.8 315.2 1073.8 315.2 1073.8 296.8
2631 0.854252815247 1089.3 310.5 1082.0 324.9 1062.3 317.3 1069.7 302.9
2569 0.724676191807 1093.0 311.1 1085.7 328.4 1063.1 318.5 1070.5 301.3
6396 0.764044940472 1091.7 317.7 1083.0 334.3 1061.7 323.1 1070.4 306.5
6293 0.726760983467 1087.1 307.8 1087.1 328.5 1060.7 328.5 1060.7 307.8
6394 0.804734110832 1091.5 317.6 1083.1 334.4 1061.1 323.7 1069.5 306.8
82 0.567378938198 1099.9 294.6 1099.9 314.3 1071.8 314.3 1071.8 294.6
1907 0.836912035942 1097.6 307.8 1092.4 326.4 1067.7 318.3 1072.8 299.7
4773 0.768821001053 1090.3 309.1 1082.2 326.7 1059.0 316.4 1067.2 298.7
1908 0.868562221527 1097.3 307.9 1092.0 326.2 1067.0 317.8 1072.3 299.5
2530 0.8567096591 1093.7 311.3 1086.2 327.3 1064.4 317.7 1071.9 301.7
4516 0.86125433445 1091.2 311.3 1082.5 327.1 1061.7 316.0 1070.4 300.2
6320 0.202932029963 1090.7 319.4 1078.5 334.0 1061.5 322.1 1073.7 307.5
6348 0.375993400812 1088.0 316.4 1079.2 330.8 1061.5 321.0 1070.3 306.5
475 0.734794020653 1101.6 303.2 1093.4 317.3 1072.8 308.6 1080.9 294.5
142 0.777367115021 1099.8 295.1 1099.8 314.0 1073.0 314.0 1073.0 295.1
2743 0.894822359085 1090.5 310.5 1085.3 326.2 1060.9 317.9 1066.1 302.2
6235 0.423140197992 1087.0 316.7 1077.0 328.4 1062.1 319.3 1072.1 307.5
6193 0.481522977352 1090.7 317.1 1077.7 331.7 1060.9 318.3 1074.0 303.7
5588 0.576915562153 1093.8 324.8 1078.0 336.9 1065.2 320.1 1081.0 308.0
88 0.750830233097 1100.2 294.6 1100.2 314.9 1072.6 314.9 1072.6 294.6
2511 0.790904402733 1094.0 310.5 1088.7 326.7 1063.8 318.7 1069.2 302.5
4549 0.860647916794 1090.7 309.5 1083.3 327.3 1060.7 317.3 1068.2 299.6
5303 0.578164041042 1086.0 311.8 1080.6 327.3 1058.8 319.9 1064.2 304.4
2621 0.870688736439 1090.3 310.1 1082.4 324.9 1062.1 317.2 1069.9 302.4
5562 0.497322201729 1094.8 322.8 1081.9 335.1 1066.5 319.4 1079.3 307.0
392 0.817221403122 1100.1 294.5 1100.1 314.6 1071.8 314.6 1071.8 294.5
3711 0.125579103827 1094.5 304.7 1094.5 326.3 1066.4 326.3 1066.4 304.7
5558 0.398179322481 1094.8 320.9 1083.1 334.3 1065.5 320.5 1077.2 307.1
6237 0.353645771742 1087.0 315.8 1077.8 328.6 1062.3 320.3 1071.5 307.5
6423 0.432235270739 1092.3 325.9 1075.0 334.7 1066.9 316.0 1084.2 307.2
1868 0.834657073021 1097.5 309.7 1091.6 327.5 1067.1 317.7 1073.1 299.8
4426 0.664311468601 1090.1 307.2 1083.3 325.0 1061.6 318.0 1068.4 300.2
5598 0.385741949081 1093.7 322.3 1081.6 335.1 1065.9 320.8 1078.0 308.0
2501 0.624176502228 1093.2 311.2 1085.6 327.7 1063.5 318.6 1071.1 302.0
5279 0.601706504822 1087.5 311.7 1080.8 327.3 1059.2 318.5 1065.8 302.8
6303 0.479508936405 1091.8 324.5 1078.0 335.3 1065.8 318.4 1079.6 307.5
200 0.672277331352 1100.0 294.5 1100.0 313.8 1072.9 313.8 1072.9 294.5
2582 0.569158136845 1093.5 308.5 1089.1 326.7 1062.2 318.7 1066.6 300.6
4579 0.873415470123 1089.3 308.2 1082.7 325.7 1060.0 317.6 1066.5 300.1
4397 0.863806664944 1090.8 309.4 1084.2 328.5 1060.8 319.1 1067.4 300.0
2460 0.686402022839 1091.2 308.4 1087.9 325.9 1062.5 319.9 1065.8 302.5
387 0.429286032915 1100.7 300.5 1096.7 316.4 1070.9 309.1 1074.9 293.3
4377 0.864145100117 1090.8 311.0 1083.0 328.7 1060.5 317.7 1068.4 300.1
4552 0.867438316345 1090.1 309.5 1083.6 327.1 1060.6 316.7 1067.1 299.2
5261 0.756923019886 1087.0 311.4 1080.6 327.4 1057.9 318.8 1064.3 302.7
2750 0.922272026539 1090.2 311.6 1083.7 327.2 1060.4 317.9 1066.8 302.3
2477 0.79387652874 1092.2 303.1 1092.2 324.6 1065.1 324.6 1065.1 303.1
2790 0.89246815443 1088.2 305.9 1088.2 322.3 1062.4 322.3 1062.4 305.9
2615 0.77568936348 1089.6 303.9 1089.6 323.2 1063.9 323.2 1063.9 303.9
6476 0.648164093494 1092.6 319.3 1080.5 335.4 1060.1 321.6 1072.1 305.5
6227 0.48411539197 1089.5 317.2 1078.3 331.0 1061.7 318.8 1072.9 305.0
5311 0.703938961029 1086.7 311.3 1080.5 328.4 1057.9 320.6 1064.2 303.5
4816 0.747297585011 1091.2 310.1 1083.2 327.8 1061.2 317.1 1069.2 299.4
2729 0.926115334034 1089.8 309.7 1085.1 325.9 1060.5 318.2 1065.2 302.0
1906 0.806249201298 1097.7 308.1 1091.8 325.6 1067.9 318.0 1073.7 300.5
2805 0.891883075237 1087.8 306.0 1087.8 323.1 1061.1 323.1 1061.1 306.0
6397 0.69245839119 1091.5 318.1 1081.8 333.3 1061.5 322.5 1071.2 307.2
2797 0.900308668613 1088.4 306.3 1088.4 323.4 1062.7 323.4 1062.7 306.3
411 0.834747314453 1100.2 294.2 1100.2 314.4 1071.3 314.4 1071.3 294.2
4752 0.894629120827 1089.2 308.5 1083.1 325.0 1060.1 316.0 1066.2 299.5
487 0.142317816615 813.7 1012.8 799.5 1021.6 790.6 1000.7 804.7 991.9
105 0.852521955967 1099.8 294.5 1099.8 315.2 1071.6 315.2 1071.6 294.5
184 0.803557217121 1100.1 295.2 1100.1 313.9 1073.9 313.9 1073.9 295.2
566 0.363747835159 1097.0 295.6 1097.0 313.9 1070.1 313.9 1070.1 295.6
433 0.686594665051 1100.4 299.3 1094.6 315.8 1070.9 308.8 1076.8 292.3
433 0.154884293675 1128.0 1016.9 1111.4 1021.1 1106.3 992.8 1122.9 988.6
