4899 0.484959721565 1414.6 758.4 1395.5 761.9 1392.4 749.9 1411.5 746.4
4899 0.124805249274 1053.8 385.2 1032.8 393.7 1025.8 381.4 1046.7 372.9
2412 0.112461261451 626.2 176.8 626.2 196.5 606.6 196.5 606.6 176.8
2401 0.131913453341 632.5 175.7 632.5 196.0 613.4 196.0 613.4 175.7
5315 0.177243083715 1441.5 533.1 1441.5 546.2 1419.4 546.2 1419.4 533.1
4524 0.334032952785 1468.5 452.0 1460.3 462.4 1446.8 457.0 1455.1 446.6
4524 0.200403049588 1238.2 346.3 1238.2 374.4 1218.3 374.4 1218.3 346.3
198 0.111570768058 134.5 295.6 133.4 311.8 92.5 306.6 93.6 290.3
4410 0.190210789442 1571.2 452.0 1571.2 467.0 1549.9 467.0 1549.9 452.0
6243 0.531997859478 670.3 94.0 670.3 117.1 655.8 117.1 655.8 94.0
6243 0.12559889257 656.6 131.5 630.0 139.3 627.0 124.2 653.6 116.4
2656 0.604090213776 1242.9 834.2 1242.9 855.0 1221.6 855.0 1221.6 834.2
6071 0.147400945425 574.6 810.8 571.6 820.7 547.4 815.5 550.4 805.6
5277 0.169726669788 1449.7 559.7 1449.7 580.9 1427.3 580.9 1427.3 559.7
5274 0.442526191473 1450.0 569.2 1450.0 581.2 1429.0 581.2 1429.0 569.2
5332 0.544403016567 1438.6 526.0 1418.9 532.8 1414.8 522.8 1434.4 516.0
5249 0.127282485366 1454.4 589.3 1454.4 606.4 1425.5 606.4 1425.5 589.3
4464 0.4737816751 1522.0 452.6 1516.1 463.3 1499.8 458.5 1505.7 447.8
328 0.213167920709 378.4 313.3 378.4 331.1 342.1 331.1 342.1 313.3
721 0.661265254021 134.3 641.1 134.3 657.2 104.8 657.2 104.8 641.1
2393 0.155204355717 637.0 174.2 637.0 196.2 620.4 196.2 620.4 174.2
4772 0.493759632111 1015.8 321.1 992.9 332.2 985.7 318.0 1008.5 307.0
6192 0.112904801965 1007.9 368.9 993.6 379.9 981.4 360.9 995.8 349.9
4460 0.639755785465 1526.4 452.8 1520.3 464.8 1501.1 459.8 1507.2 447.7
6240 0.483684062958 673.4 96.6 673.4 117.4 656.8 117.4 656.8 96.6
6240 0.321492791176 652.3 136.3 621.0 141.1 619.6 127.5 650.8 122.7
4519 0.293621093035 1237.1 346.6 1237.1 374.9 1218.4 374.9 1218.4 346.6
4408 0.166325613856 1572.7 452.4 1572.7 466.7 1550.4 466.7 1550.4 452.4
2387 0.181489706039 639.2 174.2 639.2 195.5 621.1 195.5 621.1 174.2
4461 0.686035215855 1525.9 452.3 1521.8 465.1 1499.1 460.0 1503.2 447.2
4518 0.241170316935 1237.1 347.1 1237.1 375.2 1218.6 375.2 1218.6 347.1
5251 0.155108615756 1453.9 589.4 1453.9 605.0 1426.0 605.0 1426.0 589.4
5143 0.306958347559 1499.8 665.0 1499.8 678.1 1476.3 678.1 1476.3 665.0
5143 0.171641632915 1296.0 595.3 1296.0 609.0 1272.0 609.0 1272.0 595.3
5310 0.107041120529 1443.9 534.6 1443.9 552.1 1420.1 552.1 1420.1 534.6
5333 0.295083075762 1439.9 523.7 1422.5 530.8 1415.9 522.0 1433.4 514.9
4405 0.471586614847 1575.3 452.9 1575.3 468.2 1552.3 468.2 1552.3 452.9
4889 0.160865306854 1416.9 752.0 1416.9 768.3 1395.7 768.3 1395.7 752.0
2881 0.158038020134 19.5 563.6 19.5 577.9 -1.5 577.9 -1.5 563.6
4513 0.672805845737 968.1 457.2 947.4 464.5 940.2 454.4 961.0 447.1
4513 0.282315641642 1236.4 351.7 1236.4 381.1 1218.5 381.1 1218.5 351.7
570 0.17454777658 1147.5 309.1 1140.0 323.9 1123.9 317.7 1131.4 302.9
1917 0.527573287487 944.0 201.6 933.6 209.9 927.1 195.9 937.5 187.7
2397 0.14701077342 636.1 189.3 619.4 195.3 613.1 181.3 629.8 175.4
4676 0.201903626323 1332.7 437.8 1329.8 449.2 1304.6 445.0 1307.6 433.6
2654 0.639010488987 1248.3 840.4 1236.4 852.7 1225.0 842.5 1236.9 830.1
2654 0.112783916295 1176.6 317.7 1176.6 340.3 1160.7 340.3 1160.7 317.7
4771 0.490921318531 1015.3 320.9 993.3 331.4 986.2 317.5 1008.2 306.9
2384 0.125831693411 640.2 175.4 640.2 196.9 620.8 196.9 620.8 175.4
4401 0.638967871666 1578.7 453.4 1578.7 467.3 1556.7 467.3 1556.7 453.4
581 0.302946686745 1146.9 317.8 1137.3 330.9 1126.2 322.2 1135.8 309.0
4400 0.436439752579 1579.9 452.6 1579.9 466.7 1556.9 466.7 1556.9 452.6
4371 0.826148748398 1606.3 457.3 1606.3 471.0 1582.0 471.0 1582.0 457.3
4465 0.47097197175 1522.4 448.0 1522.4 464.2 1500.6 464.2 1500.6 448.0
4390 0.570759296417 1588.6 457.1 1585.9 469.0 1564.7 466.2 1567.4 454.2
4424 0.201681032777 1558.7 449.3 1558.7 465.5 1535.9 465.5 1535.9 449.3
4496 0.533042371273 1493.5 447.7 1493.5 461.4 1467.9 461.4 1467.9 447.7
1922 0.60694283247 943.1 186.3 943.1 208.9 924.3 208.9 924.3 186.3
1911 0.404379546642 947.5 195.7 939.0 210.7 930.6 204.5 939.1 189.5
5144 0.16861756146 1295.8 594.4 1295.8 608.4 1270.5 608.4 1270.5 594.4
5144 0.137505203485 1498.7 664.6 1498.7 677.6 1476.4 677.6 1476.4 664.6
560 0.145297840238 1146.0 299.2 1146.0 318.1 1123.4 318.1 1123.4 299.2
4344 0.235771164298 1631.6 473.6 1605.5 477.9 1603.8 464.7 1629.9 460.4
5145 0.176339372993 1295.0 594.3 1295.0 608.2 1270.2 608.2 1270.2 594.3
5145 0.137489587069 1497.8 663.8 1497.8 677.0 1476.3 677.0 1476.3 663.8
5306 0.111919090152 1444.8 535.5 1444.8 552.6 1421.9 552.6 1421.9 535.5
5254 0.309308081865 1453.6 592.9 1438.7 602.2 1426.8 596.0 1441.6 586.7
5254 0.175625011325 1214.6 583.3 1197.4 587.6 1193.5 574.7 1210.8 570.4
4506 0.254437446594 1484.0 446.5 1484.0 463.0 1464.0 463.0 1464.0 446.5
5136 0.213325932622 1503.1 668.1 1503.1 681.0 1478.9 681.0 1478.9 668.1
4900 0.485951989889 1414.5 757.0 1395.8 760.9 1392.8 749.3 1411.5 745.5
4900 0.154199153185 1054.2 386.7 1031.8 393.9 1026.3 380.7 1048.7 373.5
4523 0.388485372066 1469.8 451.0 1464.4 462.8 1448.8 458.1 1454.2 446.3
4523 0.285421550274 1237.5 345.9 1237.5 373.8 1218.3 373.8 1218.3 345.9
556 0.166231736541 1146.2 297.0 1146.2 316.0 1123.6 316.0 1123.6 297.0
2673 0.114179141819 1206.0 865.7 1206.0 887.8 1187.6 887.8 1187.6 865.7
5269 0.704083859921 1448.8 573.0 1448.8 588.1 1427.9 588.1 1427.9 573.0
5269 0.101118132472 1204.5 579.8 1182.7 587.0 1176.7 574.0 1198.5 566.8
395 0.121098928154 487.0 340.3 487.0 356.1 452.4 356.1 452.4 340.3
2404 0.115807488561 631.0 175.8 631.0 195.5 613.1 195.5 613.1 175.8
6235 0.590726435184 653.8 135.1 629.8 141.1 624.5 127.9 648.5 121.9
6235 0.345233798027 675.2 99.8 675.2 119.2 657.4 119.2 657.4 99.8
565 0.148710265756 1145.6 308.3 1140.1 323.6 1123.5 317.8 1129.0 302.5
2704 0.105616040528 1177.9 877.9 1177.9 904.5 1159.2 904.5 1159.2 877.9
4504 0.129739835858 1485.7 447.0 1485.7 463.7 1464.8 463.7 1464.8 447.0
4502 0.30927619338 1488.0 447.9 1488.0 461.8 1468.1 461.8 1468.1 447.9
2663 0.712345421314 1224.5 847.5 1224.5 867.8 1208.2 867.8 1208.2 847.5
403 0.213557571173 314.8 663.8 314.8 680.0 283.7 680.0 283.7 663.8
2376 0.10346608609 646.5 176.4 646.5 195.6 625.7 195.6 625.7 176.4
4382 0.243911385536 1597.8 458.4 1593.2 470.6 1577.1 465.2 1581.7 452.9
4514 0.270536154509 1236.3 351.3 1236.3 380.2 1218.3 380.2 1218.3 351.3
4514 0.168677344918 973.3 459.9 946.1 464.3 942.5 452.4 969.7 447.9
4680 0.116924226284 1329.4 437.8 1327.6 448.8 1302.3 444.3 1304.0 433.2
4385 0.751372218132 1593.0 457.3 1589.6 470.2 1569.1 466.1 1572.5 453.2
5317 0.464079290628 1443.1 529.4 1443.1 543.3 1422.6 543.3 1422.6 529.4
5320 0.187451019883 1442.2 524.7 1442.2 540.8 1420.0 540.8 1420.0 524.7
5330 0.439525127411 1438.3 528.0 1420.3 535.2 1415.2 524.7 1433.3 517.5
6234 0.242117151618 652.8 136.9 627.8 141.0 624.3 128.1 649.3 124.0
4333 0.310779184103 1639.6 473.5 1620.2 478.2 1616.1 467.4 1635.5 462.7
4353 0.10419420898 1625.6 473.2 1603.5 476.6 1601.4 463.5 1623.4 460.1
2793 0.102439276874 1106.1 307.6 1098.3 319.5 1082.3 311.0 1090.1 299.1
4510 0.848054230213 953.2 457.2 933.6 463.6 927.6 453.7 947.2 447.2
4510 0.1315253824 1236.9 350.9 1236.9 382.1 1218.2 382.1 1218.2 350.9
2645 0.153729110956 1273.6 835.4 1251.1 838.3 1249.4 817.8 1271.8 814.9
396 0.123856186867 490.7 340.0 490.7 356.0 455.4 356.0 455.4 340.0
2467 0.100043095648 1094.5 333.3 1094.5 358.8 1069.4 358.8 1069.4 333.3
2381 0.124400705099 643.1 176.2 643.1 196.3 618.8 196.3 618.8 176.2
4764 0.457441985607 1013.9 318.3 991.6 330.2 984.3 316.1 1006.5 304.2
4330 0.260373204947 1641.1 473.7 1620.7 478.6 1616.6 467.5 1637.0 462.7
4557 0.143918320537 1441.6 449.9 1435.8 464.6 1419.9 460.2 1425.7 445.4
2471 0.123132020235 1095.1 337.1 1091.2 359.3 1069.9 354.9 1073.8 332.7
2399 0.159484341741 633.8 176.0 633.8 196.3 613.1 196.3 613.1 176.0
574 0.206434234977 1147.6 311.0 1141.4 326.4 1125.0 319.8 1131.3 304.4
4498 0.500353693962 1492.5 447.5 1492.5 461.7 1467.5 461.7 1467.5 447.5
572 0.201525643468 1147.3 310.4 1140.8 325.1 1124.1 318.4 1130.6 303.6
4500 0.513171970844 1490.3 448.2 1490.3 460.5 1467.7 460.5 1467.7 448.2
5181 0.166031554341 1269.3 593.6 1251.0 598.2 1246.6 590.0 1264.8 585.3
5271 0.717710316181 1449.6 572.2 1449.6 585.6 1426.6 585.6 1426.6 572.2
5271 0.108550272882 1202.3 580.0 1181.5 586.2 1176.3 574.3 1197.1 568.0
553 0.160133302212 1146.1 294.9 1146.1 315.3 1123.0 315.3 1123.0 294.9
483 0.147724553943 23.4 608.6 23.4 626.0 -0.2 626.0 -0.2 608.6
483 0.125599056482 819.3 1002.9 819.3 1030.9 798.6 1030.9 798.6 1002.9
4770 0.601658344269 1015.8 321.2 991.4 331.6 985.2 316.7 1009.6 306.2
2380 0.134145200253 645.2 174.5 645.2 196.1 626.9 196.1 626.9 174.5
1909 0.426567286253 945.8 199.6 935.7 211.8 930.3 201.7 940.4 189.5
5273 0.437278777361 1450.2 570.0 1450.2 581.9 1427.1 581.9 1427.1 570.0
726 0.219673752785 118.0 637.1 118.0 653.5 85.6 653.5 85.6 637.1
4428 0.287213593721 1554.0 449.9 1554.0 465.4 1529.9 465.4 1529.9 449.9
2395 0.12983648479 636.8 174.9 636.8 197.6 619.4 197.6 619.4 174.9
5619 0.136153563857 1253.1 415.4 1246.4 426.1 1232.1 415.1 1238.9 404.4
590 0.135686546564 1150.7 318.8 1140.8 331.2 1126.9 321.5 1136.7 309.1
2666 0.641244530678 1219.5 853.0 1219.5 874.5 1203.6 874.5 1203.6 853.0
5329 0.446053832769 1438.3 527.6 1422.3 535.8 1416.5 525.6 1432.6 517.5
473 0.375720977783 61.8 613.7 61.8 631.2 29.3 631.2 29.3 613.7
4449 0.323407024145 1535.0 451.4 1535.0 466.5 1508.8 466.5 1508.8 451.4
4449 0.216760098934 959.1 131.9 959.1 151.6 934.5 151.6 934.5 131.9
2638 0.138971924782 1292.6 808.3 1292.6 828.1 1270.0 828.1 1270.0 808.3
5184 0.110516488552 1266.7 588.0 1260.4 598.6 1246.6 593.5 1252.9 582.9
4402 0.455870658159 1578.1 452.7 1578.1 467.6 1554.1 467.6 1554.1 452.7
4463 0.645576298237 1524.9 452.9 1522.2 464.5 1499.6 459.7 1502.3 448.1
4404 0.43646684289 1575.8 453.1 1575.8 468.1 1553.1 468.1 1553.1 453.1
2786 0.101846896112 1105.8 308.5 1097.1 319.4 1082.7 309.8 1091.4 298.8
4443 0.149437621236 1541.3 450.4 1541.3 465.2 1521.5 465.2 1521.5 450.4
4332 0.309540241957 1639.8 474.6 1619.0 478.9 1615.7 467.2 1636.6 463.0
1916 0.630676209927 943.8 199.4 934.6 209.5 926.9 197.4 936.1 187.4
2377 0.134487584233 645.4 176.6 645.4 195.6 625.6 195.6 625.6 176.6
4340 0.512012660503 1632.3 472.6 1608.5 476.5 1606.6 464.3 1630.4 460.4
4897 0.200946480036 1415.0 759.5 1395.3 762.4 1393.7 750.6 1413.4 747.7
2664 0.558197081089 1222.0 849.9 1222.0 870.5 1205.2 870.5 1205.2 849.9
459 0.673136651516 111.5 622.5 111.5 638.9 82.0 638.9 82.0 622.5
4328 0.20266751945 1645.1 474.8 1625.1 480.3 1621.3 469.5 1641.2 463.9
5268 0.602916240692 1448.8 574.3 1448.8 588.4 1427.3 588.4 1427.3 574.3
5312 0.129292801023 1443.1 534.1 1443.1 549.4 1419.6 549.4 1419.6 534.1
602 0.145952671766 1153.9 330.3 1144.7 340.4 1132.0 328.1 1141.3 318.0
2389 0.194628253579 638.1 174.4 638.1 195.8 620.4 195.8 620.4 174.4
580 0.303997725248 1147.0 317.8 1137.3 329.9 1125.9 320.3 1135.6 308.2
4338 0.668235659599 1634.1 474.2 1608.1 477.2 1606.9 464.1 1632.9 461.1
2658 0.527849972248 1236.0 837.7 1236.0 858.7 1217.4 858.7 1217.4 837.7
4336 0.45418381691 1636.3 472.8 1616.7 477.6 1613.5 466.1 1633.1 461.3
5302 0.660709559917 1444.3 543.2 1444.3 557.0 1422.7 557.0 1422.7 543.2
562 0.147030875087 1145.7 300.0 1145.7 319.3 1122.8 319.3 1122.8 300.0
4366 0.316451102495 1612.0 463.2 1599.8 472.8 1590.4 466.2 1602.6 456.7
2685 0.169670477509 1183.3 890.9 1183.3 914.1 1170.4 914.1 1170.4 890.9
4561 0.277043640614 1437.8 449.7 1433.1 463.1 1414.6 458.2 1419.3 444.8
5616 0.108630500734 1253.0 411.9 1248.2 426.3 1234.8 419.0 1239.6 404.7
2639 0.218098580837 1289.5 809.6 1289.5 829.2 1264.7 829.2 1264.7 809.6
4351 0.173746690154 1625.3 471.3 1605.5 476.2 1601.9 464.9 1621.7 460.0
4766 0.525918602943 1013.8 316.7 993.2 331.4 983.9 318.3 1004.5 303.6
2770 0.106822408736 1133.2 932.1 1133.2 965.6 1113.0 965.6 1113.0 932.1
5272 0.70020866394 1450.0 570.5 1450.0 584.2 1428.9 584.2 1428.9 570.5
2937 0.143100917339 21.7 589.8 21.7 608.0 0.0 608.0 0.0 589.8
4560 0.19896993041 1438.5 450.4 1433.1 464.0 1414.1 459.4 1419.6 445.8
576 0.213757485151 1148.8 311.6 1141.4 325.9 1125.9 318.3 1133.3 304.0
727 0.337257087231 114.7 636.8 114.7 652.8 82.3 652.8 82.3 636.8
3676 0.120911933482 847.0 202.2 847.0 233.5 831.7 233.5 831.7 202.2
4777 0.381377607584 1017.1 320.8 994.9 333.4 986.8 319.2 1009.0 306.7
4459 0.528627991676 1526.0 453.3 1520.9 465.0 1501.9 459.7 1507.0 448.0
4416 0.371333360672 1565.8 452.3 1565.8 467.5 1543.1 467.5 1543.1 452.3
569 0.184478670359 1146.8 308.8 1140.1 324.2 1123.4 318.0 1130.1 302.6
4373 0.783875823021 1604.8 456.4 1604.8 470.6 1580.4 470.6 1580.4 456.4
4388 0.61363196373 1591.0 457.5 1588.7 469.4 1566.2 465.4 1568.5 453.5
6480 0.157147333026 698.3 80.6 698.3 101.9 681.4 101.9 681.4 80.6
5133 0.298263728619 1503.3 670.2 1503.3 682.9 1478.6 682.9 1478.6 670.2
5133 0.1305732131 1304.1 597.2 1304.1 614.1 1280.7 614.1 1280.7 597.2
4387 0.747120499611 1590.8 456.9 1585.8 470.1 1568.0 465.5 1573.1 452.4
575 0.23317052424 1148.2 311.4 1140.3 326.1 1125.4 318.8 1133.3 304.0
5257 0.221031755209 1453.5 591.4 1435.3 598.5 1428.1 590.9 1446.3 583.8
5257 0.168172985315 1213.1 584.8 1197.0 587.7 1193.8 572.7 1209.9 569.8
4893 0.124812752008 1416.7 749.3 1416.7 766.8 1394.3 766.8 1394.3 749.3
4507 0.131822288036 1483.9 446.9 1483.9 463.4 1464.3 463.4 1464.3 446.9
4445 0.535424828529 1539.0 451.0 1539.0 466.3 1514.6 466.3 1514.6 451.0
5296 0.150732159615 1444.2 547.2 1444.2 565.1 1422.5 565.1 1422.5 547.2
5280 0.139752566814 1449.9 559.4 1449.9 578.9 1426.7 578.9 1426.7 559.4
5262 0.108903877437 1452.3 574.7 1452.3 594.5 1425.6 594.5 1425.6 574.7
4886 0.173292338848 1417.9 755.8 1417.9 771.6 1396.3 771.6 1396.3 755.8
2634 0.228983998299 1304.5 805.7 1304.5 822.3 1277.7 822.3 1277.7 805.7
4347 0.180782422423 1629.2 473.6 1601.4 477.7 1600.0 464.1 1627.8 460.0
559 0.173035532236 1146.4 298.0 1146.4 316.9 1123.7 316.9 1123.7 298.0
4331 0.161992266774 1641.2 473.9 1619.9 479.0 1615.6 467.3 1637.0 462.1
716 0.55719769001 153.1 645.4 153.1 661.8 121.9 661.8 121.9 645.4
557 0.15349560976 1146.6 297.0 1146.6 315.8 1123.6 315.8 1123.6 297.0
6246 0.158500909805 671.0 91.7 671.0 113.7 655.4 113.7 655.4 91.7
4418 0.304835915565 1563.8 452.5 1563.8 468.2 1542.4 468.2 1542.4 452.5
4556 0.238242581487 1440.5 450.5 1435.0 464.6 1419.5 460.1 1425.0 446.0
605 0.115015983582 1155.2 333.1 1145.8 343.6 1132.1 331.1 1141.5 320.6
5137 0.170066982508 1501.7 666.6 1501.7 681.2 1478.8 681.2 1478.8 666.6
458 0.697812855244 114.7 622.9 114.7 639.6 84.4 639.6 84.4 622.9
5314 0.146770209074 1442.7 532.5 1442.7 545.7 1419.5 545.7 1419.5 532.5
475 0.776759088039 52.5 612.6 52.5 631.2 24.0 631.2 24.0 612.6
5182 0.109556205571 1268.7 589.2 1261.0 597.5 1245.8 592.8 1253.5 584.5
1921 0.325176864862 943.0 187.2 943.0 210.3 924.8 210.3 924.8 187.2
4494 0.560844898224 1495.2 448.7 1495.2 461.7 1471.0 461.7 1471.0 448.7
4894 0.133702293038 1416.9 748.2 1416.9 765.6 1395.2 765.6 1395.2 748.2
5265 0.137904897332 1450.3 574.8 1450.3 591.9 1428.6 591.9 1428.6 574.8
457 0.833581626415 117.1 623.4 117.1 640.4 90.3 640.4 90.3 623.4
4550 0.150697007775 1447.9 450.7 1441.4 463.5 1426.2 458.1 1432.8 445.3
577 0.204363375902 1148.1 312.0 1140.7 325.9 1125.9 318.4 1133.3 304.5
567 0.160939887166 1146.1 308.3 1140.1 323.8 1123.6 317.8 1129.6 302.3
4548 0.141064986587 1449.2 451.1 1440.4 464.4 1426.7 458.8 1435.5 445.5
4512 0.604645729065 961.6 458.7 939.9 465.2 934.8 453.2 956.5 446.7
4512 0.211293578148 1236.7 351.7 1236.7 381.0 1218.4 381.0 1218.4 351.7
6242 0.525176286697 671.1 94.7 671.1 117.5 656.6 117.5 656.6 94.7
6242 0.12976770103 655.9 131.2 632.0 139.5 628.8 125.8 652.7 117.6
2396 0.141149058938 636.0 175.5 636.0 194.8 612.9 194.8 612.9 175.5
4551 0.279419153929 1446.3 449.4 1440.2 462.9 1422.7 458.1 1428.9 444.6
4391 0.422407746315 1586.9 458.0 1582.2 468.7 1565.0 465.0 1569.7 454.3
2651 0.341390520334 1258.6 837.3 1242.0 847.5 1232.1 833.7 1248.8 823.6
3657 0.141243904829 1673.9 523.7 1673.9 539.4 1642.0 539.4 1642.0 523.7
5258 0.280110001564 1453.3 591.8 1430.5 597.0 1426.6 588.0 1449.4 582.7
5258 0.178156629205 1212.1 584.9 1197.4 587.6 1193.7 573.0 1208.3 570.4
474 0.711686193943 57.8 613.3 57.8 631.6 27.5 631.6 27.5 613.3
5284 0.241492629051 1448.2 559.2 1448.2 574.1 1425.0 574.1 1425.0 559.2
5284 0.109144739807 1194.6 579.1 1176.7 584.3 1172.1 571.0 1190.0 565.9
2632 0.174711555243 1309.8 803.7 1309.8 820.4 1281.8 820.4 1281.8 803.7
4555 0.462465643883 1441.5 449.4 1437.6 463.6 1419.6 459.2 1423.5 445.0
488 0.133952528238 810.1 1009.2 795.7 1017.1 787.0 992.2 801.4 984.4
2659 0.139681145549 1236.1 838.9 1236.1 859.5 1216.2 859.5 1216.2 838.9
3661 0.128894165158 1710.0 525.1 1710.0 541.8 1674.2 541.8 1674.2 525.1
5275 0.24033112824 1450.0 567.2 1450.0 580.2 1428.2 580.2 1428.2 567.2
4776 0.405792295933 1016.6 321.3 994.3 333.8 986.2 319.7 1008.5 307.2
6067 0.115888521075 568.0 811.5 561.3 816.7 545.3 811.7 552.1 806.5
4769 0.499359428883 1015.4 317.3 995.1 330.8 985.6 318.3 1005.9 304.9
4362 0.103189632297 1617.6 461.3 1608.6 474.0 1593.8 468.2 1602.7 455.5
5263 0.103162758052 1451.2 576.2 1451.2 594.1 1427.8 594.1 1427.8 576.2
582 0.322242647409 1147.6 317.7 1138.7 330.2 1126.4 321.5 1135.3 309.1
4774 0.166829973459 1017.8 322.0 992.8 333.2 985.5 317.2 1010.5 306.0
3677 0.198682144284 1844.2 535.5 1844.2 551.6 1811.2 551.6 1811.2 535.5
4383 0.373124182224 1596.8 458.1 1593.2 470.3 1576.3 465.5 1579.8 453.3
2667 0.515620827675 1216.1 854.2 1216.1 876.6 1201.3 876.6 1201.3 854.2
4414 0.147921010852 1568.6 450.8 1568.6 467.2 1546.8 467.2 1546.8 450.8
4393 0.221555098891 1586.9 454.2 1586.9 468.5 1564.3 468.5 1564.3 454.2
4337 0.573118507862 1635.2 474.0 1607.9 477.9 1606.8 464.8 1634.0 460.8
4457 0.462505161762 1529.0 452.7 1526.0 463.9 1505.9 458.4 1508.9 447.1
6070 0.134367331862 575.8 810.8 572.5 820.9 546.8 815.2 550.1 805.1
4352 0.159105971456 1624.6 471.9 1605.5 476.8 1601.6 465.3 1620.7 460.4
552 0.149428799748 1145.7 294.9 1145.7 314.9 1123.3 314.9 1123.3 294.9
4775 0.180516421795 1018.1 321.7 993.7 333.5 986.0 318.0 1010.4 306.2
4521 0.214584305882 1237.1 347.8 1237.1 375.4 1219.3 375.4 1219.3 347.8
4521 0.120455779135 1471.6 449.6 1466.0 462.9 1451.9 458.6 1457.5 445.3
5322 0.112578757107 1443.2 521.9 1443.2 540.0 1418.3 540.0 1418.3 521.9
204 0.260276168585 150.3 292.6 150.3 311.0 109.7 311.0 109.7 292.6
5253 0.21847525239 1454.3 594.9 1439.3 604.5 1426.0 597.4 1441.0 587.8
5253 0.119161590934 1216.2 584.1 1196.4 588.3 1194.0 574.0 1213.8 569.8
4558 0.154826641083 1440.1 449.5 1436.6 464.7 1414.9 461.1 1418.3 445.9
6244 0.372853308916 670.8 93.0 670.8 115.5 655.2 115.5 655.2 93.0
6244 0.128062143922 653.0 135.8 621.9 140.3 621.2 126.5 652.3 121.9
5342 0.109331376851 1150.6 575.8 1139.9 581.3 1131.6 572.6 1142.2 567.1
558 0.177385121584 1146.4 297.7 1146.4 316.1 1123.5 316.1 1123.5 297.7
4329 0.143992081285 1643.9 476.2 1619.0 480.0 1616.3 468.1 1641.2 464.3
2403 0.151973113418 630.1 176.1 630.1 197.0 613.5 197.0 613.5 176.1
2386 0.180544093251 638.9 174.5 638.9 195.4 621.0 195.4 621.0 174.5
2686 0.155581489205 1181.8 892.2 1181.8 917.9 1168.1 917.9 1168.1 892.2
2385 0.178761437535 639.9 175.0 639.9 195.6 621.1 195.6 621.1 175.0
2472 0.110041059554 1095.1 337.1 1090.8 359.2 1069.7 354.8 1073.9 332.8
578 0.242600977421 1147.1 315.8 1137.9 329.4 1125.3 320.8 1134.5 307.2
6106 0.131100550294 587.2 818.7 583.2 827.5 565.0 823.3 569.0 814.4
725 0.333198785782 121.3 638.6 121.3 654.8 89.4 654.8 89.4 638.6
424 0.183793053031 239.6 646.4 239.6 662.9 206.8 662.9 206.8 646.4
422 0.217918589711 245.0 648.6 245.0 664.2 213.9 664.2 213.9 648.6
1907 0.128060311079 947.4 205.2 936.4 210.4 933.1 193.5 944.1 188.3
4773 0.186950236559 1017.1 322.0 992.8 332.9 985.5 317.1 1009.9 306.2
1908 0.129512444139 947.6 203.3 935.9 210.6 932.5 195.9 944.3 188.6
4516 0.203194096684 1236.5 347.8 1236.5 377.1 1219.2 377.1 1219.2 347.8
4516 0.102143600583 980.4 461.3 953.4 465.1 950.6 453.8 977.6 450.0
4549 0.122210301459 1448.9 450.3 1442.8 464.0 1426.2 459.3 1432.3 445.5
5303 0.481613218784 1444.2 542.2 1444.2 555.0 1422.5 555.0 1422.5 542.2
2392 0.147844418883 636.7 175.2 636.7 195.8 614.6 195.8 614.6 175.2
456 0.712206542492 121.2 623.6 121.2 640.9 92.5 640.9 92.5 623.6
4426 0.205554366112 1556.9 449.9 1556.9 465.5 1534.9 465.5 1534.9 449.9
5279 0.172942876816 1449.4 559.5 1449.4 579.5 1426.9 579.5 1426.9 559.5
4397 0.183294340968 1582.7 453.4 1582.7 467.9 1562.7 467.9 1562.7 453.4
4377 0.174965068698 1601.2 455.4 1601.2 469.0 1581.0 469.0 1581.0 455.4
4552 0.464605003595 1444.7 448.8 1441.0 462.5 1422.1 458.3 1425.7 444.6
5261 0.120465964079 1451.8 586.5 1436.7 594.4 1426.9 583.2 1442.0 575.4
6476 0.115413479507 1213.3 814.1 1213.3 830.0 1187.3 830.0 1187.3 814.1
5311 0.111057057977 1443.5 534.5 1443.5 551.4 1420.6 551.4 1420.6 534.5
6483 0.113617673516 698.2 78.9 698.2 103.6 680.7 103.6 680.7 78.9
2797 0.103785097599 1105.5 299.4 1105.5 319.5 1083.3 319.5 1083.3 299.4
566 0.16229082644 1145.3 308.2 1139.4 323.7 1123.4 317.7 1129.4 302.2
