3669 0.956845164299 1279.0 654.6 1277.1 709.3 1123.4 702.2 1125.3 647.5
3669 0.920179128647 1183.6 451.6 1181.8 507.2 1037.7 500.4 1039.5 444.8
4899 0.818276226521 1230.2 713.3 1230.2 743.7 1176.6 743.7 1176.6 713.3
5315 0.901624202728 1330.6 785.0 1330.6 863.9 1236.3 863.9 1236.3 785.0
3674 0.936894774437 1255.1 653.6 1253.0 707.7 1100.5 700.5 1102.6 646.4
3674 0.930900096893 1207.9 455.3 1207.7 509.6 1061.7 501.9 1062.0 447.7
3698 0.92585682869 1147.2 645.3 1146.6 699.3 991.3 694.2 992.0 640.2
3698 0.896242558956 1317.9 464.3 1315.5 518.9 1170.5 510.7 1172.9 456.0
3591 0.896351516247 1628.7 672.7 1628.7 730.5 1465.4 730.5 1465.4 672.7
3224 0.862654209137 600.4 397.2 598.5 434.7 515.8 428.3 517.7 390.8
3224 0.225582391024 926.5 680.0 926.5 710.5 876.6 710.5 876.6 680.0
1851 0.930935144424 1132.0 641.9 1132.0 685.9 1040.2 685.9 1040.2 641.9
3763 0.955906271935 1625.0 486.0 1625.0 542.8 1479.5 542.8 1479.5 486.0
3763 0.711711168289 1577.2 660.5 1570.0 694.6 1509.5 682.1 1516.6 648.0
3182 0.709643781185 481.2 388.5 478.1 426.5 394.4 419.6 397.5 381.5
1835 0.920480132103 1235.1 648.1 1235.1 695.6 1135.6 695.6 1135.6 648.1
5277 0.929261624813 1422.4 809.9 1323.1 819.3 1316.5 764.5 1415.7 755.1
3191 0.614553928375 504.0 389.9 500.6 428.2 419.7 421.1 423.1 382.7
1864 0.830876767635 1049.5 633.9 1049.5 678.2 959.7 678.2 959.7 633.9
3569 0.806795597076 1718.8 683.2 1719.9 738.0 1557.9 734.1 1556.8 679.4
3620 0.948027610779 1499.5 664.5 1499.5 722.0 1338.6 722.0 1338.6 664.5
3620 0.80126273632 975.2 431.2 975.2 487.6 890.8 487.6 890.8 431.2
5274 0.947450697422 1430.1 807.4 1329.5 817.5 1323.2 764.3 1423.8 754.1
3663 0.928774952888 1156.8 448.9 1154.5 504.8 1009.2 497.7 1011.5 441.8
3663 0.840114831924 1304.1 656.8 1302.5 710.0 1150.6 703.2 1152.2 650.0
5332 0.841614484787 1295.2 809.3 1295.2 892.9 1206.7 892.9 1206.7 809.3
5249 0.944977939129 1497.4 752.3 1497.4 801.4 1394.6 801.4 1394.6 752.3
6281 0.12808392942 1585.8 716.8 1513.6 720.3 1511.3 687.8 1583.5 684.3
3188 0.871740937233 498.0 389.1 495.0 428.5 410.8 420.4 413.8 381.1
3108 0.816221177578 312.7 372.3 311.0 412.6 223.9 405.3 225.6 365.0
2393 0.141145184636 32.8 385.3 24.0 425.3 -8.3 418.0 0.5 378.0
3156 0.62045109272 415.4 377.1 415.4 418.1 329.0 418.1 329.0 377.1
3676 0.928138554096 1217.4 455.6 1215.3 511.6 1069.4 503.5 1071.4 447.5
3676 0.848012149334 1246.4 652.5 1245.4 706.3 1090.7 700.1 1091.8 646.2
3597 0.836301207542 1598.7 677.7 1597.1 730.8 1439.2 725.1 1440.8 671.9
1845 0.916792273521 1169.8 644.9 1169.8 690.0 1075.3 690.0 1075.3 644.9
1863 0.943689405918 1056.9 634.8 1056.9 678.6 966.8 678.6 966.8 634.8
1858 0.804419279099 1089.3 637.1 1089.3 681.6 995.8 681.6 995.8 637.1
5251 0.944853544235 1490.9 751.8 1490.9 802.6 1387.7 802.6 1387.7 751.8
5143 0.942638933659 1901.5 763.5 1901.5 809.3 1786.8 809.3 1786.8 763.5
3604 0.943623185158 1568.6 675.7 1569.4 727.4 1413.4 722.7 1412.6 670.9
3604 0.661635220051 915.1 433.7 909.5 477.9 890.3 474.3 895.9 430.1
3185 0.871199369431 488.5 388.8 485.0 428.1 401.9 419.8 405.5 380.5
6057 0.240807384253 181.2 614.1 176.7 652.7 99.9 643.4 104.4 604.9
5310 0.841563165188 1342.5 781.3 1342.5 855.9 1245.9 855.9 1245.9 781.3
5333 0.838354945183 1293.0 810.1 1293.0 895.7 1204.4 895.7 1204.4 810.1
4889 0.540246427059 1270.5 714.9 1270.5 748.3 1213.6 748.3 1213.6 714.9
3181 0.808232367039 477.6 389.0 474.3 426.3 393.3 418.8 396.6 381.6
3601 0.942309498787 1583.4 675.3 1583.1 729.0 1424.6 724.2 1424.9 670.6
228 0.796438276768 1801.8 785.7 1801.8 825.1 1696.9 825.1 1696.9 785.7
3699 0.944359362125 1322.3 465.3 1320.9 518.7 1178.5 512.1 1179.8 458.6
3699 0.829510986805 1142.0 645.2 1141.1 699.2 984.5 694.4 985.4 640.4
4667 0.138120919466 1758.5 525.9 1758.5 553.8 1702.3 553.8 1702.3 525.9
3703 0.931416392326 1125.3 638.5 1125.3 698.2 966.3 698.2 966.3 638.5
3703 0.916269361973 1341.7 467.2 1340.9 520.8 1194.1 513.1 1194.9 459.5
5666 0.712920486927 1877.6 755.8 1877.6 796.3 1789.5 796.3 1789.5 755.8
3163 0.904794752598 432.1 376.4 432.1 419.9 344.1 419.9 344.1 376.4
1852 0.905377805233 1127.3 640.2 1127.3 685.9 1033.6 685.9 1033.6 640.2
3186 0.901692152023 492.6 388.9 488.9 428.5 405.2 420.6 408.9 381.1
3738 0.944954872131 1501.5 476.6 1501.5 534.3 1358.0 534.3 1358.0 476.6
3738 0.865017354488 966.3 632.0 959.6 691.8 886.3 682.7 892.9 622.9
3592 0.74093490839 1620.5 673.1 1620.5 729.7 1461.2 729.7 1461.2 673.1
3766 0.955857038498 1641.6 486.6 1641.6 546.2 1494.5 546.2 1494.5 486.6
3766 0.893205761909 1573.3 658.7 1566.1 694.1 1504.3 681.8 1511.6 646.4
3748 0.953036904335 1550.1 480.7 1550.1 536.4 1407.3 536.4 1407.3 480.7
3748 0.707139730453 919.3 624.9 915.6 685.5 891.4 684.4 895.1 623.9
3608 0.959622383118 1551.3 672.3 1550.4 725.7 1393.5 721.3 1394.5 668.0
3608 0.864076375961 927.9 427.9 927.9 483.3 894.6 483.3 894.6 427.9
3693 0.926716983318 1167.9 643.0 1167.9 700.0 1013.0 700.0 1013.0 643.0
3693 0.919944405556 1293.5 462.4 1291.5 517.2 1150.0 509.1 1152.1 454.3
5659 0.811421513557 1910.2 762.5 1907.7 800.1 1819.0 793.3 1821.4 755.6
5144 0.938797712326 1897.2 763.0 1897.2 808.5 1784.0 808.5 1784.0 763.0
3027 0.742954552174 160.1 355.2 157.2 395.8 68.5 387.6 71.4 347.0
6081 0.841355323792 67.5 599.7 64.2 636.7 -3.8 630.4 -0.5 593.4
3683 0.960294246674 1246.5 458.0 1244.8 513.3 1102.7 506.0 1104.5 450.7
3683 0.885424494743 1215.2 650.2 1213.4 704.8 1059.9 700.5 1061.7 645.9
5145 0.943084776402 1892.6 763.8 1892.6 809.3 1778.6 809.3 1778.6 763.8
5306 0.878472924232 1350.2 775.7 1350.2 850.7 1251.7 850.7 1251.7 775.7
3739 0.890280485153 1503.3 475.4 1503.3 534.6 1362.3 534.6 1362.3 475.4
3739 0.817948162556 961.1 630.7 955.2 691.4 889.5 683.3 895.3 622.5
5254 0.930775523186 1482.6 800.5 1379.4 804.4 1378.0 755.6 1481.2 751.7
3588 0.920027971268 1641.8 674.8 1641.8 729.8 1480.7 729.8 1480.7 674.8
195 0.131352096796 1066.2 675.1 1066.2 704.8 1005.9 704.8 1005.9 675.1
3169 0.405900925398 445.6 383.8 443.0 421.3 360.9 415.7 363.5 378.3
5136 0.670880377293 1915.3 765.5 1915.3 808.8 1819.2 808.8 1819.2 765.5
4900 0.813247799873 1228.8 712.7 1228.8 745.1 1173.3 745.1 1173.3 712.7
5130 0.587490797043 1920.9 767.1 1920.9 810.1 1845.6 810.1 1845.6 767.1
3582 0.961659550667 1668.6 682.3 1669.5 735.4 1505.9 730.5 1505.0 677.4
3686 0.947225928307 1262.7 459.9 1261.1 514.6 1115.3 506.7 1116.9 452.0
3686 0.909792423248 1201.1 644.0 1201.1 702.9 1044.6 702.9 1044.6 644.0
2673 0.175014451146 1070.5 111.1 1019.6 145.0 997.4 101.7 1048.3 67.8
5269 0.912027299404 1442.4 803.1 1344.7 812.0 1339.0 761.7 1436.8 752.7
2672 0.123695217073 1069.2 110.2 1020.0 144.6 998.2 102.2 1047.3 67.8
3568 0.79326826334 1727.0 680.9 1727.0 739.4 1562.9 739.4 1562.9 680.9
3566 0.959539711475 1738.0 681.0 1738.0 739.8 1569.9 739.8 1569.9 681.0
3765 0.927095115185 1634.3 486.6 1634.3 544.9 1489.6 544.9 1489.6 486.6
3765 0.85523545742 1575.1 661.0 1567.9 693.9 1508.0 680.0 1515.2 647.1
3691 0.947189450264 1177.5 643.6 1177.5 701.5 1021.7 701.5 1021.7 643.6
3691 0.931141793728 1284.7 462.7 1282.0 517.6 1138.1 509.6 1140.8 454.6
3617 0.901889622211 1512.2 665.6 1512.2 722.0 1353.6 722.0 1353.6 665.6
3617 0.854482710361 962.1 433.3 962.1 487.0 893.1 487.0 893.1 433.3
3173 0.73428696394 456.1 385.7 452.8 423.8 368.4 416.1 371.6 378.0
6054 0.832523465157 195.0 616.4 190.6 654.5 112.6 645.0 117.0 606.8
3743 0.946697473526 1524.7 477.6 1524.7 535.0 1379.5 535.0 1379.5 477.6
3743 0.766026556492 943.6 627.9 936.8 691.2 890.6 684.5 897.3 621.2
3743 0.101300768554 1608.6 662.0 1608.6 695.7 1547.6 695.7 1547.6 662.0
3590 0.934370160103 1632.7 672.7 1632.7 730.6 1469.7 730.6 1469.7 672.7
3220 0.68751347065 946.8 680.6 946.8 711.3 890.1 711.3 890.1 680.6
3220 0.68504267931 588.5 395.6 586.9 433.2 502.2 427.1 503.9 389.5
3586 0.933596968651 1650.1 674.3 1650.1 731.1 1484.6 731.1 1484.6 674.3
4580 0.468806415796 1392.1 483.8 1392.1 518.5 1323.7 518.5 1323.7 483.8
3697 0.945783317089 1312.4 464.1 1309.3 518.9 1164.6 509.9 1167.6 455.1
3697 0.93836838007 1150.9 645.7 1150.8 699.8 995.1 694.7 995.2 640.5
3745 0.819171667099 1531.9 478.8 1531.9 536.8 1390.1 536.8 1390.1 478.8
3745 0.80026704073 935.7 626.3 930.1 688.2 891.9 683.4 897.5 621.6
4680 0.793312430382 1823.0 529.2 1823.0 564.9 1712.1 564.9 1712.1 529.2
5317 0.750556707382 1326.3 787.3 1326.3 866.6 1232.2 866.6 1232.2 787.3
3650 0.945034921169 1100.5 444.9 1098.9 500.3 950.8 492.6 952.4 437.2
3650 0.907073557377 1362.8 656.2 1362.8 711.8 1208.3 711.8 1208.3 656.2
5320 0.840458929539 1318.4 793.9 1318.4 871.4 1225.4 871.4 1225.4 793.9
3749 0.943062067032 1555.3 481.3 1555.3 536.8 1412.5 536.8 1412.5 481.3
3749 0.563840925694 917.6 622.3 914.4 681.8 893.5 681.3 896.6 621.8
3749 0.114202581346 1597.1 663.9 1594.0 694.8 1533.8 689.6 1536.8 658.7
5330 0.781136393547 1299.7 807.5 1299.7 887.9 1209.9 887.9 1209.9 807.5
3747 0.948948085308 1544.2 480.4 1544.2 536.7 1398.0 536.7 1398.0 480.4
3747 0.792027413845 927.4 625.4 921.2 684.9 889.3 680.8 895.6 621.3
4674 0.166758671403 1791.3 527.8 1791.3 557.1 1733.6 557.1 1733.6 527.8
3151 0.854025542736 403.1 377.1 403.1 413.8 317.1 413.8 317.1 377.1
3678 0.841115653515 1238.9 651.3 1237.8 706.3 1082.5 699.4 1083.6 644.4
3678 0.794262766838 1226.8 456.3 1225.8 512.1 1079.4 503.4 1080.5 447.5
3758 0.87834584713 873.8 608.5 873.8 669.8 711.8 669.8 711.8 608.5
3736 0.943879127502 1493.3 479.8 1491.3 535.2 1347.6 528.9 1349.5 473.4
3736 0.866395831108 975.9 632.6 969.3 692.5 889.3 681.5 895.8 621.5
3109 0.787327289581 313.5 373.2 312.1 412.8 228.3 405.3 229.8 365.7
1837 0.830717742443 1220.9 648.0 1220.9 693.9 1123.8 693.9 1123.8 648.0
1837 0.254659593105 935.1 653.9 935.1 693.9 895.3 693.9 895.3 653.9
5341 0.74903678894 1279.9 823.4 1279.9 914.1 1192.9 914.1 1192.9 823.4
1847 0.854820311069 1159.8 643.3 1159.8 688.8 1062.7 688.8 1062.7 643.3
3621 0.944318532944 1495.2 664.6 1495.2 721.7 1337.2 721.7 1337.2 664.6
3621 0.764063119888 979.0 433.4 979.0 487.6 892.0 487.6 892.0 433.4
3576 0.923081755638 1690.4 682.5 1689.9 737.3 1528.3 731.4 1528.9 676.6
3664 0.960487306118 1162.3 449.5 1160.8 505.4 1013.9 499.1 1015.4 443.2
3664 0.907407939434 1300.8 656.5 1299.3 709.7 1145.8 703.3 1147.4 650.1
5181 0.785252034664 1737.1 757.9 1737.1 803.9 1630.3 803.9 1630.3 757.9
5271 0.928891479969 1436.8 804.6 1336.7 812.6 1332.1 762.0 1432.2 754.0
6079 0.835363149643 75.3 600.6 72.0 638.5 -3.9 630.8 -0.6 592.8
223 0.160390928388 1829.3 789.0 1829.3 823.4 1731.2 823.4 1731.2 789.0
1833 0.904223799706 1247.7 649.1 1247.7 697.0 1147.1 697.0 1147.1 649.1
5273 0.865526080132 1433.3 807.5 1330.7 815.0 1326.5 762.0 1429.1 754.5
3155 0.710425555706 412.9 376.2 412.9 416.8 325.9 416.8 325.9 376.2
5129 0.435364961624 1921.0 766.5 1921.0 810.6 1848.0 810.6 1848.0 766.5
3733 0.96472877264 1477.5 473.1 1477.5 532.8 1335.6 532.8 1335.6 473.1
3733 0.887706279755 991.7 634.8 985.0 692.9 890.0 680.3 896.6 622.1
3752 0.948098659515 1568.2 483.1 1568.2 537.6 1427.0 537.6 1427.0 483.1
3752 0.704562425613 1592.1 662.7 1586.7 694.3 1528.6 686.3 1534.0 654.8
1856 0.874408125877 1102.6 637.9 1102.6 683.3 1008.8 683.3 1008.8 637.9
3653 0.932141065598 1113.5 446.7 1112.6 501.8 963.7 494.2 964.6 439.1
3653 0.919374763966 1347.5 660.6 1346.8 712.0 1193.9 705.6 1194.6 654.1
5329 0.833599448204 1299.8 805.8 1299.8 886.2 1211.9 886.2 1211.9 805.8
230 0.803473591805 1787.6 785.1 1787.6 822.5 1698.6 822.5 1698.6 785.1
3225 0.900170981884 602.8 398.5 600.7 435.7 519.0 428.5 521.2 391.3
3225 0.351701796055 924.0 680.3 924.0 710.8 870.9 710.8 870.9 680.3
5184 0.828953564167 1724.2 756.8 1724.2 802.2 1615.7 802.2 1615.7 756.8
4595 0.726702570915 1454.5 489.5 1454.5 529.4 1352.2 529.4 1352.2 489.5
3654 0.947458684444 1117.9 446.5 1115.8 503.2 966.4 495.2 968.6 438.4
3654 0.906027913094 1342.1 659.3 1340.7 711.4 1189.4 705.1 1190.9 653.1
3221 0.860098719597 590.3 396.6 587.4 433.7 506.0 427.5 508.9 390.5
3221 0.757194638252 941.0 680.2 941.0 710.8 885.3 710.8 885.3 680.2
5324 0.807503163815 1312.0 798.6 1312.0 879.4 1219.2 879.4 1219.2 798.6
4897 0.73988366127 1239.0 715.1 1239.0 746.0 1183.3 746.0 1183.3 715.1
3716 0.958598911762 1067.1 638.8 1064.4 696.2 907.7 687.3 910.4 629.9
3716 0.890575826168 1398.3 472.4 1395.3 526.8 1254.9 518.4 1257.9 464.0
5268 0.841883659363 1445.2 802.7 1345.0 812.5 1340.0 761.0 1440.1 751.2
3700 0.908547997475 1137.9 639.5 1137.9 698.0 979.9 698.0 979.9 639.5
3700 0.901882767677 1326.1 465.3 1323.7 519.8 1179.0 511.8 1181.4 457.3
3649 0.955867171288 1095.3 444.4 1093.5 499.7 947.4 492.0 949.2 436.7
3649 0.92207300663 1368.0 656.9 1368.0 710.8 1213.1 710.8 1213.1 656.9
3606 0.953176259995 1559.9 673.8 1559.0 727.1 1401.2 722.3 1402.1 669.1
3606 0.869469940662 919.4 430.6 916.8 481.1 893.6 478.9 896.2 428.5
6045 0.860238850117 239.2 622.4 234.7 662.4 158.1 652.5 162.7 612.5
5312 0.817617595196 1337.4 783.2 1337.4 858.6 1243.2 858.6 1243.2 783.2
5667 0.842721045017 1872.3 756.9 1872.3 795.1 1783.1 795.1 1783.1 756.9
3178 0.843473672867 468.7 386.6 465.9 425.2 384.0 418.1 386.8 379.5
660 0.19309271872 1119.8 991.2 1119.8 1025.0 1085.1 1025.0 1085.1 991.2
3580 0.936685860157 1676.8 682.0 1676.4 736.5 1513.8 730.4 1514.1 675.8
5307 0.744860768318 1348.2 778.3 1348.2 850.7 1250.6 850.7 1250.6 778.3
3195 0.742337465286 514.5 391.3 511.9 428.5 429.8 421.0 432.4 383.8
3759 0.915655434132 1605.7 485.1 1605.7 541.9 1460.2 541.9 1460.2 485.1
3759 0.659040868282 1581.1 661.9 1574.3 694.9 1517.3 682.8 1524.1 649.9
5810 0.819949269295 1267.5 711.9 1267.5 752.6 1187.0 752.6 1187.0 711.9
5302 0.905584156513 1363.5 836.6 1265.7 847.8 1256.7 780.6 1354.4 769.4
2829 0.133685752749 910.6 626.5 910.6 669.1 893.5 669.1 893.5 626.5
227 0.718064725399 1806.5 786.7 1806.5 823.6 1702.2 823.6 1702.2 786.7
5175 0.795808911324 1761.0 757.6 1761.0 804.1 1652.7 804.1 1652.7 757.6
6082 0.830005168915 64.4 591.7 64.4 637.4 -4.1 637.4 -4.1 591.7
3165 0.80521273613 436.2 383.5 434.5 421.7 348.4 414.9 350.1 376.7
3172 0.232238888741 454.1 385.1 450.6 422.9 366.8 415.7 370.3 377.9
3190 0.696574628353 501.9 389.3 498.7 428.0 417.1 421.0 420.3 382.3
5272 0.922287106514 1434.3 805.5 1333.8 814.2 1328.8 762.8 1429.3 754.1
3575 0.96366494894 1693.0 683.1 1692.4 737.9 1533.2 731.6 1533.7 676.8
3153 0.788035929203 408.0 377.5 408.0 414.3 322.8 414.3 322.8 377.5
3729 0.87514179945 1460.3 476.8 1457.1 532.5 1313.6 523.2 1316.8 467.5
3729 0.818909227848 1009.3 637.6 1004.8 694.3 891.5 682.7 896.0 626.0
3728 0.929419100285 1455.3 477.1 1453.2 531.6 1310.4 523.5 1312.4 469.1
3728 0.90138310194 1014.0 637.3 1009.5 696.3 893.3 685.0 897.8 626.0
3567 0.96377569437 1730.0 684.7 1728.9 739.8 1565.9 734.6 1567.0 679.5
3740 0.916924834251 1508.2 477.2 1508.2 534.3 1364.7 534.3 1364.7 477.2
3740 0.789533436298 957.6 630.8 952.2 691.2 892.5 683.3 897.9 622.9
4887 0.256199151278 1278.0 716.1 1278.0 748.4 1222.7 748.4 1222.7 716.1
3196 0.790636241436 519.4 390.2 515.9 429.2 432.6 421.9 436.1 382.9
5133 0.880456566811 1921.2 766.7 1921.2 811.0 1832.5 811.0 1832.5 766.7
3760 0.924744904041 1611.3 484.2 1611.3 541.8 1463.8 541.8 1463.8 484.2
3760 0.759440839291 1581.8 660.9 1574.5 695.3 1516.5 683.2 1523.8 648.7
3723 0.88576900959 1035.7 638.7 1032.7 695.3 892.6 685.4 895.6 628.8
3723 0.839869141579 1431.4 474.9 1429.7 529.2 1285.1 521.4 1286.8 467.0
5345 0.371370643377 1271.3 834.4 1271.3 920.2 1189.5 920.2 1189.5 834.4
3574 0.909491181374 1698.6 684.0 1697.9 738.8 1538.0 732.4 1538.7 677.6
676 0.340960174799 1134.4 1061.7 1123.7 1079.2 1096.8 1066.6 1107.5 1049.1
2674 0.174215853214 1070.1 113.7 1017.2 144.1 997.2 99.0 1050.1 68.6
5257 0.898316383362 1474.4 800.3 1371.0 805.5 1369.4 757.6 1472.7 752.4
3613 0.929187297821 1528.6 666.3 1528.6 723.9 1371.6 723.9 1371.6 666.3
3613 0.8856741786 946.0 433.5 941.8 487.6 893.1 484.1 897.3 430.0
3705 0.965211868286 1350.1 468.6 1348.8 521.3 1205.6 514.4 1207.0 461.7
3705 0.922951459885 1115.7 641.9 1114.9 698.1 956.7 692.2 957.5 636.1
3706 0.926419496536 1353.1 469.3 1352.0 522.2 1209.2 514.8 1210.2 461.9
3706 0.902261376381 1110.6 642.2 1108.9 698.3 953.5 691.9 955.2 635.7
4893 0.621799170971 1255.3 715.1 1255.3 745.8 1199.2 745.8 1199.2 715.1
3587 0.915904998779 1644.5 675.1 1644.5 730.2 1483.3 730.2 1483.3 675.1
5296 0.902239143848 1376.4 827.1 1280.5 842.0 1269.6 779.6 1365.6 764.7
5280 0.789854228497 1412.8 815.2 1315.0 820.9 1310.4 762.5 1408.3 756.7
5262 0.90654540062 1461.1 801.7 1360.8 807.6 1357.7 758.9 1457.9 753.0
4886 0.62821829319 1282.6 716.6 1282.6 749.2 1225.6 749.2 1225.6 716.6
1857 0.920490920544 1096.7 638.3 1096.7 683.2 1001.9 683.2 1001.9 638.3
3610 0.946784555912 1541.1 668.2 1541.1 724.0 1386.3 724.0 1386.3 668.2
3610 0.803908288479 933.4 430.9 933.4 484.7 896.9 484.7 896.9 430.9
3750 0.918697834015 1558.5 481.3 1558.5 538.3 1417.1 538.3 1417.1 481.3
3750 0.601488113403 915.1 620.2 915.1 680.1 895.7 680.1 895.7 620.2
3750 0.256701081991 1596.6 663.7 1594.5 694.5 1532.2 689.7 1534.3 659.0
3223 0.886273145676 597.2 397.3 596.0 434.6 513.5 428.4 514.7 391.1
3223 0.28877928853 933.5 680.1 933.5 710.7 878.7 710.7 878.7 680.1
1870 0.910927951336 1016.5 629.0 1016.5 676.0 920.8 676.0 920.8 629.0
1834 0.907663106918 1243.0 649.0 1243.0 696.2 1141.0 696.2 1141.0 649.0
3602 0.947603940964 1576.0 675.5 1576.4 728.5 1418.8 723.6 1418.4 670.6
3602 0.149908721447 910.5 435.0 906.9 477.7 892.8 476.9 896.4 434.2
3713 0.953444838524 1078.1 640.3 1076.2 696.0 920.7 688.5 922.6 632.8
3713 0.799694776535 1386.2 471.2 1383.4 525.5 1239.1 517.2 1241.9 462.9
3571 0.852436423302 1711.8 684.3 1711.1 738.7 1551.0 732.2 1551.8 677.7
4581 0.562537968159 1393.1 485.5 1393.1 520.3 1322.0 520.3 1322.0 485.5
4594 0.781831085682 1449.1 488.9 1449.1 529.4 1346.4 529.4 1346.4 488.9
5176 0.880183458328 1756.4 758.4 1756.4 804.6 1649.1 804.6 1649.1 758.4
5137 0.894284248352 1917.8 764.6 1917.8 810.4 1812.5 810.4 1812.5 764.6
5137 0.666694700718 1142.6 1057.1 1130.3 1082.8 1100.5 1067.8 1112.8 1042.1
3768 0.886926651001 1651.1 487.9 1651.1 545.5 1503.6 545.5 1503.6 487.9
3768 0.738166093826 1570.2 657.8 1562.8 693.0 1502.3 680.2 1509.7 645.0
3732 0.949708044529 1473.0 478.6 1471.2 532.9 1327.9 526.5 1329.7 472.2
3732 0.86991071701 994.8 633.7 988.7 693.9 889.7 681.9 895.9 621.8
5314 0.775466501713 1332.1 784.1 1332.1 860.9 1238.8 860.9 1238.8 784.1
4592 0.563565015793 1437.8 487.8 1437.8 530.8 1344.9 530.8 1344.9 487.8
4578 0.156424984336 1386.0 484.4 1386.0 515.0 1330.5 515.0 1330.5 484.4
3164 0.858579456806 434.3 381.8 433.6 421.2 345.8 415.9 346.4 376.5
5182 0.859338581562 1732.4 758.2 1732.4 801.4 1625.3 801.4 1625.3 758.2
3666 0.968905985355 1292.2 656.7 1290.2 710.5 1139.3 703.7 1141.3 649.8
3666 0.899760246277 1170.9 450.0 1168.4 506.5 1023.1 499.2 1025.6 442.6
3154 0.840287029743 411.7 377.9 411.7 415.4 322.5 415.4 322.5 377.9
4894 0.751251220703 1248.6 715.4 1248.6 745.9 1195.2 745.9 1195.2 715.4
5265 0.892079293728 1453.3 802.2 1351.6 810.1 1348.0 760.4 1449.7 752.6
3718 0.955884575844 1408.4 473.2 1406.6 526.7 1265.0 519.7 1266.8 466.3
3718 0.865622103214 1056.5 638.0 1053.4 696.5 898.4 687.2 901.4 628.7
4582 0.481200844049 1399.0 485.7 1399.0 520.1 1318.8 520.1 1318.8 485.7
3681 0.891069054604 1238.9 457.0 1237.5 512.3 1094.6 505.3 1096.0 450.0
3681 0.833581984043 1224.5 650.2 1224.3 705.1 1068.5 699.8 1068.7 644.9
3655 0.961693167686 1121.4 447.0 1119.2 503.2 971.6 495.4 973.8 439.1
3655 0.90146958828 1340.0 660.0 1341.3 710.9 1185.4 704.1 1184.1 653.2
3724 0.951419651508 1437.0 475.2 1435.6 529.1 1290.3 521.2 1291.7 467.3
3724 0.858304679394 1030.8 637.4 1028.5 693.5 893.3 684.3 895.6 628.2
1854 0.842727303505 1113.0 640.1 1113.0 685.0 1021.2 685.0 1021.2 640.1
6048 0.65417277813 223.3 620.5 220.3 658.5 141.4 650.2 144.4 612.1
3735 0.898428618908 1488.1 474.7 1488.1 533.2 1343.5 533.2 1343.5 474.7
3735 0.773534238338 981.5 635.5 975.8 691.5 889.7 680.4 895.5 624.4
5671 0.735861897469 1855.3 757.6 1853.1 795.8 1767.1 790.8 1769.4 752.5
3584 0.931524991989 1659.3 680.1 1660.0 734.1 1496.4 729.0 1495.6 674.9
3685 0.953379631042 1257.8 459.3 1255.2 514.5 1110.7 506.1 1113.4 451.0
3685 0.938324511051 1207.0 645.1 1207.0 703.4 1050.1 703.4 1050.1 645.1
6080 0.82294601202 72.4 601.8 68.9 636.9 0.0 630.4 3.5 595.3
3189 0.81305962801 501.2 389.0 498.1 428.6 413.1 421.1 416.2 381.5
6322 0.105106294155 1324.0 672.5 1321.9 705.1 1254.5 702.1 1256.5 669.4
6085 0.536050260067 46.3 595.7 46.3 632.4 0.3 632.4 0.3 595.7
1836 0.922084331512 1227.7 648.1 1227.7 694.9 1129.7 694.9 1129.7 648.1
1836 0.155754223466 942.3 658.4 939.0 694.8 894.1 691.6 897.3 655.2
1840 0.851456642151 1200.6 646.5 1200.6 691.2 1104.3 691.2 1104.3 646.5
662 0.104760065675 1120.3 999.2 1120.3 1024.5 1086.1 1024.5 1086.1 999.2
3030 0.875083208084 167.8 356.5 166.1 396.5 78.1 388.7 79.7 348.7
3657 0.898173213005 1132.4 447.5 1131.6 503.0 984.9 495.5 985.8 440.0
3657 0.89479392767 1330.1 659.0 1330.3 710.7 1178.2 704.2 1178.0 652.4
5258 0.927511096001 1471.3 800.2 1369.3 804.5 1367.8 756.7 1469.7 752.3
6022 0.469067662954 344.9 636.4 340.5 674.8 264.5 665.0 269.0 626.6
5284 0.900825321674 1402.9 760.8 1402.9 822.5 1303.0 822.5 1303.0 760.8
3661 0.950871229172 1313.9 657.9 1313.3 710.1 1159.5 703.8 1160.2 651.6
3661 0.878398299217 1147.3 448.7 1145.6 505.1 997.3 497.5 999.0 441.1
5131 0.30777579546 1920.3 766.5 1920.3 810.7 1840.8 810.7 1840.8 766.5
5275 0.842221796513 1427.2 806.9 1328.0 817.8 1321.2 764.9 1420.4 754.0
3756 0.876261770725 1591.1 483.4 1591.1 539.7 1443.0 539.7 1443.0 483.4
3756 0.671273112297 1585.1 662.0 1579.3 694.1 1521.9 684.4 1527.7 652.3
1841 0.798784971237 1195.6 646.3 1195.6 692.7 1098.3 692.7 1098.3 646.3
3593 0.896799921989 1616.8 672.2 1616.8 729.1 1457.6 729.1 1457.6 672.2
3162 0.890062510967 429.7 377.5 429.7 418.4 342.2 418.4 342.2 377.5
3742 0.871945619583 1520.1 478.1 1520.1 534.7 1379.2 534.7 1379.2 478.1
3742 0.817321538925 948.6 628.4 941.8 691.0 890.5 684.0 897.3 621.3
3742 0.121142268181 1609.6 662.1 1609.6 695.4 1549.5 695.4 1549.5 662.1
4665 0.195452407002 1750.8 523.8 1750.8 555.6 1680.6 555.6 1680.6 523.8
5263 0.945682883263 1457.9 802.1 1357.2 808.1 1354.4 757.9 1455.1 751.9
3677 0.932122647762 1223.1 455.9 1220.9 512.0 1075.1 503.1 1077.3 447.1
3677 0.800481021404 1241.6 653.2 1239.3 706.9 1087.2 699.6 1089.5 645.9
6058 0.116249464452 174.5 613.8 170.8 651.0 96.3 642.7 100.0 605.5
6077 0.42535468936 84.8 601.8 79.3 642.5 -0.3 631.9 5.3 591.2
3222 0.814756691456 593.6 396.3 592.5 434.0 509.2 428.6 510.3 391.0
3222 0.218674853444 939.5 680.2 939.5 711.0 883.5 711.0 883.5 680.2
4658 0.120472155511 1721.0 521.6 1721.0 550.1 1658.5 550.1 1658.5 521.6
6044 0.736015856266 241.9 623.2 236.8 662.8 160.9 652.1 166.0 612.5
3689 0.930921196938 1184.2 643.9 1184.2 700.6 1034.5 700.6 1034.5 643.9
3689 0.857151269913 1274.7 460.9 1272.4 517.2 1127.7 508.2 1130.1 451.9
5322 0.813355743885 1314.5 795.5 1314.5 873.1 1222.3 873.1 1222.3 795.5
6084 0.56925457716 51.5 595.4 51.5 633.2 -0.6 633.2 -0.6 595.4
5253 0.874788880348 1485.0 752.3 1485.0 803.4 1382.7 803.4 1382.7 752.3
5660 0.295495450497 1904.4 761.8 1902.3 799.4 1816.0 793.2 1818.0 755.6
5342 0.682943940163 1278.4 825.4 1278.4 913.5 1191.7 913.5 1191.7 825.4
6020 0.872598588467 353.6 636.8 349.6 675.2 273.2 666.0 277.2 627.5
3175 0.773421049118 460.2 385.6 457.8 423.9 374.1 417.0 376.4 378.8
6055 0.525018036366 189.9 616.2 185.7 654.7 109.5 645.4 113.7 606.8
3205 0.889326691628 543.5 393.2 540.4 430.7 459.1 423.6 462.1 386.1
3205 0.177131935954 995.3 684.5 995.3 714.4 941.1 714.4 941.1 684.5
4576 0.168762102723 1368.1 482.6 1368.1 520.0 1293.9 520.0 1293.9 482.6
3570 0.908585250378 1714.8 683.6 1715.2 738.9 1554.1 733.5 1553.7 678.2
3619 0.956496238708 1504.4 664.8 1504.4 722.3 1344.2 722.3 1344.2 664.8
3619 0.702471733093 971.2 429.5 971.2 488.8 889.8 488.8 889.8 429.5
3157 0.359013080597 418.5 377.6 418.5 418.5 332.2 418.5 332.2 377.6
5303 0.907151520252 1359.8 838.2 1263.8 849.5 1254.6 781.9 1350.6 770.6
3160 0.555626869202 425.8 377.2 425.8 418.3 337.2 418.3 337.2 377.2
3180 0.850105464458 474.1 388.6 470.8 426.0 391.2 418.6 394.5 381.2
2392 0.121276326478 24.6 380.8 24.6 422.3 -3.6 422.3 -3.6 380.8
3711 0.943364977837 1088.4 640.9 1086.9 696.6 929.2 689.3 930.7 633.6
3711 0.893053710461 1375.5 470.9 1373.8 523.6 1233.0 515.5 1234.7 462.8
3652 0.966848552227 1110.2 445.9 1108.2 501.3 958.6 493.7 960.6 438.4
3652 0.951859235764 1353.6 655.1 1353.6 711.5 1199.0 711.5 1199.0 655.1
1868 0.765490472317 1026.4 630.6 1026.4 676.4 935.4 676.4 935.4 630.6
5279 0.835871875286 1416.7 814.1 1316.5 820.7 1311.9 762.8 1412.1 756.2
3028 0.872584283352 162.6 355.3 161.0 395.3 72.7 387.9 74.3 348.0
4579 0.438647925854 1388.8 483.7 1388.8 516.2 1328.1 516.2 1328.1 483.7
3675 0.95617800951 1252.2 651.9 1251.0 706.5 1096.2 700.1 1097.4 645.4
3675 0.860175251961 1213.1 455.1 1211.6 509.5 1069.0 502.5 1070.6 448.1
5261 0.928269267082 1463.3 801.0 1362.6 806.8 1359.3 758.1 1460.0 752.4
5311 0.910476624966 1339.4 782.5 1339.4 857.8 1244.1 857.8 1244.1 782.5
229 0.770739614964 1796.6 785.7 1796.6 824.6 1696.4 824.6 1696.4 785.7
3727 0.93717455864 1451.7 476.1 1449.7 530.5 1303.8 522.9 1305.8 468.5
3727 0.911364793777 1017.0 635.9 1011.7 693.7 891.6 683.4 896.8 625.7
